datetime,carbon_per_MWh
2022-01-01 01:00:00+00:00,351.5834654891577
2022-01-01 02:00:00+00:00,397.51372329255577
2022-01-01 03:00:00+00:00,341.85007979228106
2022-01-01 04:00:00+00:00,325.66013535325476
2022-01-01 05:00:00+00:00,332.7567225294696
2022-01-01 06:00:00+00:00,389.96174352247016
2022-01-01 07:00:00+00:00,237.45873806424447
2022-01-01 08:00:00+00:00,402.51285977031824
2022-01-01 09:00:00+00:00,341.3266918959573
2022-01-01 10:00:00+00:00,362.7385769220347
2022-01-01 11:00:00+00:00,265.28868290275426
2022-01-01 12:00:00+00:00,349.16374309752223
2022-01-01 13:00:00+00:00,316.0384469441614
2022-01-01 14:00:00+00:00,375.01728169296445
2022-01-01 15:00:00+00:00,411.2002483144113
2022-01-01 16:00:00+00:00,423.54423064425254
2022-01-01 17:00:00+00:00,350.52603728022865
2022-01-01 18:00:00+00:00,345.06021313243565
2022-01-01 19:00:00+00:00,420.2207569694066
2022-01-01 20:00:00+00:00,313.82974641115675
2022-01-01 21:00:00+00:00,324.77778435575215
2022-01-01 22:00:00+00:00,390.5306595551037
2022-01-01 23:00:00+00:00,437.1816495268482
2022-01-02 00:00:00+00:00,384.9686870207548
2022-01-02 01:00:00+00:00,459.95217860024036
2022-01-02 02:00:00+00:00,384.6591541348714
2022-01-02 03:00:00+00:00,417.9058999311833
2022-01-02 04:00:00+00:00,336.0469197000055
2022-01-02 05:00:00+00:00,362.6814074006927
2022-01-02 06:00:00+00:00,401.2427478111934
2022-01-02 07:00:00+00:00,392.04427973255883
2022-01-02 08:00:00+00:00,327.70327875652964
2022-01-02 09:00:00+00:00,298.86512748310093
2022-01-02 10:00:00+00:00,341.74777840164757
2022-01-02 11:00:00+00:00,293.395707953329
2022-01-02 12:00:00+00:00,310.3193999006978
2022-01-02 13:00:00+00:00,349.81997801536306
2022-01-02 14:00:00+00:00,298.3990815229901
2022-01-02 15:00:00+00:00,230.8627585307574
2022-01-02 16:00:00+00:00,285.8407388243815
2022-01-02 17:00:00+00:00,312.5841622792279
2022-01-02 18:00:00+00:00,438.30189731562785
2022-01-02 19:00:00+00:00,333.9969881643421
2022-01-02 20:00:00+00:00,388.0660711587175
2022-01-02 21:00:00+00:00,317.32153246787163
2022-01-02 22:00:00+00:00,346.93123952772936
2022-01-02 23:00:00+00:00,467.6633686812179
2022-01-03 00:00:00+00:00,263.1134118585608
2022-01-03 01:00:00+00:00,391.3727804192798
2022-01-03 02:00:00+00:00,272.4739931412052
2022-01-03 03:00:00+00:00,259.1656048040717
2022-01-03 04:00:00+00:00,351.195665909211
2022-01-03 05:00:00+00:00,260.7389442435019
2022-01-03 06:00:00+00:00,260.2650083695124
2022-01-03 07:00:00+00:00,354.82081197401214
2022-01-03 08:00:00+00:00,265.0805810263265
2022-01-03 09:00:00+00:00,322.039861022341
2022-01-03 10:00:00+00:00,282.2934684620315
2022-01-03 11:00:00+00:00,322.1067335612499
2022-01-03 12:00:00+00:00,303.83715230054537
2022-01-03 13:00:00+00:00,327.1445042545775
2022-01-03 14:00:00+00:00,392.8850502297094
2022-01-03 15:00:00+00:00,320.699183660784
2022-01-03 16:00:00+00:00,269.208645549617
2022-01-03 17:00:00+00:00,302.30781942564266
2022-01-03 18:00:00+00:00,323.9638361061579
2022-01-03 19:00:00+00:00,305.1858645048478
2022-01-03 20:00:00+00:00,382.59032851183764
2022-01-03 21:00:00+00:00,335.8047819536156
2022-01-03 22:00:00+00:00,437.04411287811087
2022-01-03 23:00:00+00:00,374.21630239975883
2022-01-04 00:00:00+00:00,394.84859697445137
2022-01-04 01:00:00+00:00,417.40728851273855
2022-01-04 02:00:00+00:00,443.6999972141326
2022-01-04 03:00:00+00:00,385.4790241493192
2022-01-04 04:00:00+00:00,477.32151840955873
2022-01-04 05:00:00+00:00,284.2164928640369
2022-01-04 06:00:00+00:00,397.386316055402
2022-01-04 07:00:00+00:00,407.657720703833
2022-01-04 08:00:00+00:00,432.87069349529673
2022-01-04 09:00:00+00:00,383.29958726637466
2022-01-04 10:00:00+00:00,434.72620477810875
2022-01-04 11:00:00+00:00,423.25736604752916
2022-01-04 12:00:00+00:00,382.1136574486523
2022-01-04 13:00:00+00:00,438.18602720690154
2022-01-04 14:00:00+00:00,420.2598617005713
2022-01-04 15:00:00+00:00,405.1907582913582
2022-01-04 16:00:00+00:00,364.41922266236986
2022-01-04 17:00:00+00:00,392.67855101599474
2022-01-04 18:00:00+00:00,326.9832099793187
2022-01-04 19:00:00+00:00,383.44891796507886
2022-01-04 20:00:00+00:00,372.64670727267924
2022-01-04 21:00:00+00:00,350.02270426453964
2022-01-04 22:00:00+00:00,365.12985728241
2022-01-04 23:00:00+00:00,426.827834678304
2022-01-05 00:00:00+00:00,380.7784560746496
2022-01-05 01:00:00+00:00,353.1871908368818
2022-01-05 02:00:00+00:00,351.5477189347028
2022-01-05 03:00:00+00:00,337.59073730976763
2022-01-05 04:00:00+00:00,333.92516822568456
2022-01-05 05:00:00+00:00,361.8165905555345
2022-01-05 06:00:00+00:00,359.83721604408953
2022-01-05 07:00:00+00:00,295.9429643253306
2022-01-05 08:00:00+00:00,287.8907967243591
2022-01-05 09:00:00+00:00,397.8431423162973
2022-01-05 10:00:00+00:00,276.1618292013883
2022-01-05 11:00:00+00:00,380.2809549576264
2022-01-05 12:00:00+00:00,280.46261668076653
2022-01-05 13:00:00+00:00,381.8000125475563
2022-01-05 14:00:00+00:00,386.9765382397471
2022-01-05 15:00:00+00:00,361.2344332683275
2022-01-05 16:00:00+00:00,402.2066051137736
2022-01-05 17:00:00+00:00,284.1979192661058
2022-01-05 18:00:00+00:00,305.6320761701815
2022-01-05 19:00:00+00:00,333.09552515817757
2022-01-05 20:00:00+00:00,327.54483249667055
2022-01-05 21:00:00+00:00,269.47013243360044
2022-01-05 22:00:00+00:00,293.70502459598566
2022-01-05 23:00:00+00:00,382.3630031229609
2022-01-06 00:00:00+00:00,387.1720990374857
2022-01-06 01:00:00+00:00,366.4908307289597
2022-01-06 02:00:00+00:00,300.621841145943
2022-01-06 03:00:00+00:00,402.3958060620212
2022-01-06 04:00:00+00:00,418.8494794105759
2022-01-06 05:00:00+00:00,336.4122239940984
2022-01-06 06:00:00+00:00,304.8073311959157
2022-01-06 07:00:00+00:00,272.4861416537266
2022-01-06 08:00:00+00:00,362.2996910301871
2022-01-06 09:00:00+00:00,354.6087491829571
2022-01-06 10:00:00+00:00,279.65605879776916
2022-01-06 11:00:00+00:00,350.41370290821845
2022-01-06 12:00:00+00:00,359.2822626059422
2022-01-06 13:00:00+00:00,334.4198732743639
2022-01-06 14:00:00+00:00,361.44639300181063
2022-01-06 15:00:00+00:00,368.66031857922667
2022-01-06 16:00:00+00:00,269.45834661800404
2022-01-06 17:00:00+00:00,412.9506382354114
2022-01-06 18:00:00+00:00,412.77956945216886
2022-01-06 19:00:00+00:00,354.9456742947046
2022-01-06 20:00:00+00:00,396.4833644967176
2022-01-06 21:00:00+00:00,348.0193601925388
2022-01-06 22:00:00+00:00,376.25409110552016
2022-01-06 23:00:00+00:00,412.6545283035386
2022-01-07 00:00:00+00:00,414.48911438383806
2022-01-07 01:00:00+00:00,443.2812313004926
2022-01-07 02:00:00+00:00,396.0150417839246
2022-01-07 03:00:00+00:00,361.7305223090487
2022-01-07 04:00:00+00:00,482.66216229663786
2022-01-07 05:00:00+00:00,283.6011092897536
2022-01-07 06:00:00+00:00,312.7236403482362
2022-01-07 07:00:00+00:00,314.1095459939277
2022-01-07 08:00:00+00:00,373.518383208564
2022-01-07 09:00:00+00:00,282.90192446806844
2022-01-07 10:00:00+00:00,415.13011192115255
2022-01-07 11:00:00+00:00,335.55910015370705
2022-01-07 12:00:00+00:00,258.52126922240006
2022-01-07 13:00:00+00:00,422.1060073787906
2022-01-07 14:00:00+00:00,355.68370390473024
2022-01-07 15:00:00+00:00,406.9391224579722
2022-01-07 16:00:00+00:00,395.84496262581763
2022-01-07 17:00:00+00:00,341.8223631540245
2022-01-07 18:00:00+00:00,266.90896664873645
2022-01-07 19:00:00+00:00,287.51888385536256
2022-01-07 20:00:00+00:00,287.4720373401553
2022-01-07 21:00:00+00:00,412.15283619417295
2022-01-07 22:00:00+00:00,360.56900656230476
2022-01-07 23:00:00+00:00,406.6258079205421
2022-01-08 00:00:00+00:00,414.8286712462899
2022-01-08 01:00:00+00:00,447.54499279573434
2022-01-08 02:00:00+00:00,328.7367097203303
2022-01-08 03:00:00+00:00,418.4542222239573
2022-01-08 04:00:00+00:00,452.1184049922283
2022-01-08 05:00:00+00:00,349.5995265862003
2022-01-08 06:00:00+00:00,420.4442053541841
2022-01-08 07:00:00+00:00,408.9961609983247
2022-01-08 08:00:00+00:00,324.43682061959373
2022-01-08 09:00:00+00:00,420.94989919566814
2022-01-08 10:00:00+00:00,423.7545182029846
2022-01-08 11:00:00+00:00,345.48245533584037
2022-01-08 12:00:00+00:00,304.33798183992155
2022-01-08 13:00:00+00:00,276.13163837374964
2022-01-08 14:00:00+00:00,446.858551288607
2022-01-08 15:00:00+00:00,289.51061445922863
2022-01-08 16:00:00+00:00,452.0905487462203
2022-01-08 17:00:00+00:00,424.61919854018055
2022-01-08 18:00:00+00:00,399.093972842838
2022-01-08 19:00:00+00:00,352.69716053770867
2022-01-08 20:00:00+00:00,435.55796052110605
2022-01-08 21:00:00+00:00,372.60919208021386
2022-01-08 22:00:00+00:00,360.03414610290037
2022-01-08 23:00:00+00:00,324.49137621768796
2022-01-09 00:00:00+00:00,414.32350467164923
2022-01-09 01:00:00+00:00,373.89159448298153
2022-01-09 02:00:00+00:00,345.8558915882403
2022-01-09 03:00:00+00:00,333.21418533527606
2022-01-09 04:00:00+00:00,310.1347145569274
2022-01-09 05:00:00+00:00,339.55709597944326
2022-01-09 06:00:00+00:00,312.53868688563074
2022-01-09 07:00:00+00:00,382.48743286980886
2022-01-09 08:00:00+00:00,246.5017409664087
2022-01-09 09:00:00+00:00,313.75610416786907
2022-01-09 10:00:00+00:00,376.0987479456862
2022-01-09 11:00:00+00:00,353.5972682449384
2022-01-09 12:00:00+00:00,358.1744335418995
2022-01-09 13:00:00+00:00,289.92191100077997
2022-01-09 14:00:00+00:00,264.82113667758307
2022-01-09 15:00:00+00:00,371.35324867313363
2022-01-09 16:00:00+00:00,316.4044327178123
2022-01-09 17:00:00+00:00,332.5206113757045
2022-01-09 18:00:00+00:00,398.7214994129026
2022-01-09 19:00:00+00:00,411.3199066364495
2022-01-09 20:00:00+00:00,324.02765883987445
2022-01-09 21:00:00+00:00,356.6058680070648
2022-01-09 22:00:00+00:00,368.37566810739276
2022-01-09 23:00:00+00:00,311.6695359601439
2022-01-10 00:00:00+00:00,292.0560687048802
2022-01-10 01:00:00+00:00,333.91818635407003
2022-01-10 02:00:00+00:00,319.4672631431818
2022-01-10 03:00:00+00:00,302.94245287079235
2022-01-10 04:00:00+00:00,345.28982425191464
2022-01-10 05:00:00+00:00,354.2926119509478
2022-01-10 06:00:00+00:00,276.487453749719
2022-01-10 07:00:00+00:00,315.3216070525707
2022-01-10 08:00:00+00:00,310.14451827775304
2022-01-10 09:00:00+00:00,328.7197596003799
2022-01-10 10:00:00+00:00,366.7016109776438
2022-01-10 11:00:00+00:00,265.68365340047245
2022-01-10 12:00:00+00:00,220.0129559059948
2022-01-10 13:00:00+00:00,258.7183347486728
2022-01-10 14:00:00+00:00,313.19471774927024
2022-01-10 15:00:00+00:00,280.31930456899227
2022-01-10 16:00:00+00:00,291.3038776913254
2022-01-10 17:00:00+00:00,422.7726031640466
2022-01-10 18:00:00+00:00,292.3720240124386
2022-01-10 19:00:00+00:00,412.5164363759861
2022-01-10 20:00:00+00:00,304.11844847822766
2022-01-10 21:00:00+00:00,398.8341530515998
2022-01-10 22:00:00+00:00,261.6553935482387
2022-01-10 23:00:00+00:00,355.21553561983876
2022-01-11 00:00:00+00:00,290.4724333815654
2022-01-11 01:00:00+00:00,307.9083063748183
2022-01-11 02:00:00+00:00,309.19932539565536
2022-01-11 03:00:00+00:00,284.6100658969557
2022-01-11 04:00:00+00:00,356.1175279962244
2022-01-11 05:00:00+00:00,465.3453658912935
2022-01-11 06:00:00+00:00,283.2208437244918
2022-01-11 07:00:00+00:00,339.8030634414062
2022-01-11 08:00:00+00:00,362.0088689133461
2022-01-11 09:00:00+00:00,340.0465942368733
2022-01-11 10:00:00+00:00,375.0800069328592
2022-01-11 11:00:00+00:00,448.6908044307007
2022-01-11 12:00:00+00:00,345.44240301841063
2022-01-11 13:00:00+00:00,266.37019382381135
2022-01-11 14:00:00+00:00,387.44290927297953
2022-01-11 15:00:00+00:00,385.8324437684502
2022-01-11 16:00:00+00:00,379.6395810225425
2022-01-11 17:00:00+00:00,396.9578156801482
2022-01-11 18:00:00+00:00,357.44892032031123
2022-01-11 19:00:00+00:00,463.99178823657377
2022-01-11 20:00:00+00:00,373.73421254161656
2022-01-11 21:00:00+00:00,404.51159378588943
2022-01-11 22:00:00+00:00,431.634258361922
2022-01-11 23:00:00+00:00,449.7782946807655
2022-01-12 00:00:00+00:00,458.3524600826011
2022-01-12 01:00:00+00:00,490.30767117996277
2022-01-12 02:00:00+00:00,449.93440388828026
2022-01-12 03:00:00+00:00,469.6058339577583
2022-01-12 04:00:00+00:00,422.34626154101664
2022-01-12 05:00:00+00:00,427.91733304751926
2022-01-12 06:00:00+00:00,387.14885649156395
2022-01-12 07:00:00+00:00,445.40244522501183
2022-01-12 08:00:00+00:00,398.4476649092093
2022-01-12 09:00:00+00:00,360.4202782172015
2022-01-12 10:00:00+00:00,397.35643531773286
2022-01-12 11:00:00+00:00,389.6925187079558
2022-01-12 12:00:00+00:00,456.1380611249876
2022-01-12 13:00:00+00:00,389.5717637070846
2022-01-12 14:00:00+00:00,358.7779679998985
2022-01-12 15:00:00+00:00,426.0075917720122
2022-01-12 16:00:00+00:00,331.49080203561107
2022-01-12 17:00:00+00:00,437.3839257361271
2022-01-12 18:00:00+00:00,438.36841702194675
2022-01-12 19:00:00+00:00,388.2228434301878
2022-01-12 20:00:00+00:00,337.0196339188238
2022-01-12 21:00:00+00:00,443.7150897455182
2022-01-12 22:00:00+00:00,267.56288988127767
2022-01-12 23:00:00+00:00,419.1095962468728
2022-01-13 00:00:00+00:00,404.0467256210228
2022-01-13 01:00:00+00:00,382.14336214352556
2022-01-13 02:00:00+00:00,386.1595868065755
2022-01-13 03:00:00+00:00,405.4595535074265
2022-01-13 04:00:00+00:00,360.5598803222384
2022-01-13 05:00:00+00:00,449.87694654210486
2022-01-13 06:00:00+00:00,384.6078586261823
2022-01-13 07:00:00+00:00,302.6533421117646
2022-01-13 08:00:00+00:00,324.3634242278702
2022-01-13 09:00:00+00:00,350.0316440700539
2022-01-13 10:00:00+00:00,338.263061120995
2022-01-13 11:00:00+00:00,289.0026546600061
2022-01-13 12:00:00+00:00,440.7375663096402
2022-01-13 13:00:00+00:00,486.2121488659313
2022-01-13 14:00:00+00:00,410.4716570490545
2022-01-13 15:00:00+00:00,386.4638535308022
2022-01-13 16:00:00+00:00,415.68820443994565
2022-01-13 17:00:00+00:00,401.60520069414576
2022-01-13 18:00:00+00:00,427.9419709414697
2022-01-13 19:00:00+00:00,400.78015152322655
2022-01-13 20:00:00+00:00,394.54030175880706
2022-01-13 21:00:00+00:00,418.9390057130713
2022-01-13 22:00:00+00:00,359.1202198983157
2022-01-13 23:00:00+00:00,438.2032591617722
2022-01-14 00:00:00+00:00,472.1737313054895
2022-01-14 01:00:00+00:00,521.5116645743244
2022-01-14 02:00:00+00:00,384.69002572723247
2022-01-14 03:00:00+00:00,416.63172246385045
2022-01-14 04:00:00+00:00,504.3599388057505
2022-01-14 05:00:00+00:00,337.71264849971425
2022-01-14 06:00:00+00:00,477.707964939807
2022-01-14 07:00:00+00:00,459.7051315585266
2022-01-14 08:00:00+00:00,427.1020285197061
2022-01-14 09:00:00+00:00,413.8691999596868
2022-01-14 10:00:00+00:00,444.2764651415106
2022-01-14 11:00:00+00:00,452.2358638912975
2022-01-14 12:00:00+00:00,460.4570438241613
2022-01-14 13:00:00+00:00,478.0251490850835
2022-01-14 14:00:00+00:00,472.11752621712196
2022-01-14 15:00:00+00:00,434.47607987259323
2022-01-14 16:00:00+00:00,370.6035572031947
2022-01-14 17:00:00+00:00,421.19787846211136
2022-01-14 18:00:00+00:00,377.5324455421704
2022-01-14 19:00:00+00:00,387.7527251644175
2022-01-14 20:00:00+00:00,419.6233823054655
2022-01-14 21:00:00+00:00,408.4033275153356
2022-01-14 22:00:00+00:00,432.15580621135
2022-01-14 23:00:00+00:00,406.846086549235
2022-01-15 00:00:00+00:00,425.4139044989481
2022-01-15 01:00:00+00:00,472.24999098957124
2022-01-15 02:00:00+00:00,458.5372615773844
2022-01-15 03:00:00+00:00,489.0953513582423
2022-01-15 04:00:00+00:00,468.45799579527414
2022-01-15 05:00:00+00:00,437.9333128034886
2022-01-15 06:00:00+00:00,440.20719252880286
2022-01-15 07:00:00+00:00,284.91415918802716
2022-01-15 08:00:00+00:00,339.2332874653281
2022-01-15 09:00:00+00:00,340.54265129732624
2022-01-15 10:00:00+00:00,270.1180146935739
2022-01-15 11:00:00+00:00,280.46002499024024
2022-01-15 12:00:00+00:00,311.04451391509843
2022-01-15 13:00:00+00:00,336.9719246319337
2022-01-15 14:00:00+00:00,371.33092499623183
2022-01-15 15:00:00+00:00,355.36181142336795
2022-01-15 16:00:00+00:00,296.6048030969629
2022-01-15 17:00:00+00:00,297.3317278743358
2022-01-15 18:00:00+00:00,302.70903061816506
2022-01-15 19:00:00+00:00,422.5790965223187
2022-01-15 20:00:00+00:00,245.10810968556734
2022-01-15 21:00:00+00:00,289.6480514237356
2022-01-15 22:00:00+00:00,399.2090477931997
2022-01-15 23:00:00+00:00,346.5245360621631
2022-01-16 00:00:00+00:00,366.8285724756875
2022-01-16 01:00:00+00:00,340.93946126697784
2022-01-16 02:00:00+00:00,366.54704992494953
2022-01-16 03:00:00+00:00,262.0215419244076
2022-01-16 04:00:00+00:00,278.1243250692567
2022-01-16 05:00:00+00:00,258.73577663585104
2022-01-16 06:00:00+00:00,297.04971555158966
2022-01-16 07:00:00+00:00,270.9468840599667
2022-01-16 08:00:00+00:00,341.83754137336234
2022-01-16 09:00:00+00:00,234.48053140052826
2022-01-16 10:00:00+00:00,329.76108419384457
2022-01-16 11:00:00+00:00,294.5191325616553
2022-01-16 12:00:00+00:00,283.6459040332935
2022-01-16 13:00:00+00:00,280.9114100845043
2022-01-16 14:00:00+00:00,307.5146259544439
2022-01-16 15:00:00+00:00,352.573221539813
2022-01-16 16:00:00+00:00,368.02965000119724
2022-01-16 17:00:00+00:00,387.63025128656335
2022-01-16 18:00:00+00:00,293.7580102391204
2022-01-16 19:00:00+00:00,383.91110691250236
2022-01-16 20:00:00+00:00,276.09689546231584
2022-01-16 21:00:00+00:00,268.0701401839156
2022-01-16 22:00:00+00:00,413.4572315551026
2022-01-16 23:00:00+00:00,266.1819691930069
2022-01-17 00:00:00+00:00,271.0550186006894
2022-01-17 01:00:00+00:00,317.47571883889935
2022-01-17 02:00:00+00:00,367.122675253214
2022-01-17 03:00:00+00:00,386.1344599136147
2022-01-17 04:00:00+00:00,460.8033586366269
2022-01-17 05:00:00+00:00,356.6255676895966
2022-01-17 06:00:00+00:00,375.27000323177054
2022-01-17 07:00:00+00:00,439.80914052479204
2022-01-17 08:00:00+00:00,353.2180429055768
2022-01-17 09:00:00+00:00,381.42794341159623
2022-01-17 10:00:00+00:00,429.5961192578149
2022-01-17 11:00:00+00:00,393.5682293533721
2022-01-17 12:00:00+00:00,391.84602796757974
2022-01-17 13:00:00+00:00,327.2741645730993
2022-01-17 14:00:00+00:00,402.9083573307464
2022-01-17 15:00:00+00:00,336.9637864728969
2022-01-17 16:00:00+00:00,331.35681861908756
2022-01-17 17:00:00+00:00,411.36666802596886
2022-01-17 18:00:00+00:00,422.3710529082503
2022-01-17 19:00:00+00:00,400.58123267066566
2022-01-17 20:00:00+00:00,319.870472403186
2022-01-17 21:00:00+00:00,325.80330831151286
2022-01-17 22:00:00+00:00,400.33960995062625
2022-01-17 23:00:00+00:00,353.740981267086
2022-01-18 00:00:00+00:00,502.98175287625986
2022-01-18 01:00:00+00:00,434.54633944307585
2022-01-18 02:00:00+00:00,444.4038597599354
2022-01-18 03:00:00+00:00,422.61514665840707
2022-01-18 04:00:00+00:00,446.84513819512
2022-01-18 05:00:00+00:00,452.36027914690936
2022-01-18 06:00:00+00:00,441.08743825231346
2022-01-18 07:00:00+00:00,448.707779985327
2022-01-18 08:00:00+00:00,277.9995960862892
2022-01-18 09:00:00+00:00,338.9681614032656
2022-01-18 10:00:00+00:00,407.37718641181675
2022-01-18 11:00:00+00:00,406.7020391206393
2022-01-18 12:00:00+00:00,454.2735769572182
2022-01-18 13:00:00+00:00,397.56323560697484
2022-01-18 14:00:00+00:00,454.5162277879952
2022-01-18 15:00:00+00:00,435.84508673695893
2022-01-18 16:00:00+00:00,404.03617440773996
2022-01-18 17:00:00+00:00,368.3632924656543
2022-01-18 18:00:00+00:00,265.1331619110047
2022-01-18 19:00:00+00:00,413.11521821461923
2022-01-18 20:00:00+00:00,328.71923013120136
2022-01-18 21:00:00+00:00,312.1519362350375
2022-01-18 22:00:00+00:00,395.843857247592
2022-01-18 23:00:00+00:00,309.32222343464565
2022-01-19 00:00:00+00:00,387.9023248743144
2022-01-19 01:00:00+00:00,299.49766384873186
2022-01-19 02:00:00+00:00,350.20015672085026
2022-01-19 03:00:00+00:00,323.06250117306865
2022-01-19 04:00:00+00:00,367.71573545318626
2022-01-19 05:00:00+00:00,364.84220426409973
2022-01-19 06:00:00+00:00,259.1352063159738
2022-01-19 07:00:00+00:00,276.91812509819937
2022-01-19 08:00:00+00:00,354.309514447546
2022-01-19 09:00:00+00:00,335.77232970315924
2022-01-19 10:00:00+00:00,247.04344474231488
2022-01-19 11:00:00+00:00,237.9883618222955
2022-01-19 12:00:00+00:00,439.10857019331905
2022-01-19 13:00:00+00:00,297.81849300560214
2022-01-19 14:00:00+00:00,369.51713588806626
2022-01-19 15:00:00+00:00,281.28215666485943
2022-01-19 16:00:00+00:00,293.47305874132314
2022-01-19 17:00:00+00:00,231.07845547728886
2022-01-19 18:00:00+00:00,267.8547705559739
2022-01-19 19:00:00+00:00,290.0218745139222
2022-01-19 20:00:00+00:00,319.3214237963737
2022-01-19 21:00:00+00:00,340.69335294590456
2022-01-19 22:00:00+00:00,289.854490899019
2022-01-19 23:00:00+00:00,249.42118237411213
2022-01-20 00:00:00+00:00,295.2830025538766
2022-01-20 01:00:00+00:00,248.3179920270739
2022-01-20 02:00:00+00:00,356.56373123535826
2022-01-20 03:00:00+00:00,391.44628399922965
2022-01-20 04:00:00+00:00,286.18279513744795
2022-01-20 05:00:00+00:00,393.0206174570403
2022-01-20 06:00:00+00:00,394.85868315020565
2022-01-20 07:00:00+00:00,321.08311896445565
2022-01-20 08:00:00+00:00,334.7484691685333
2022-01-20 09:00:00+00:00,345.6756579848032
2022-01-20 10:00:00+00:00,380.9071741597042
2022-01-20 11:00:00+00:00,428.61612707566525
2022-01-20 12:00:00+00:00,350.73445095042285
2022-01-20 13:00:00+00:00,303.63815134482456
2022-01-20 14:00:00+00:00,370.03100484155306
2022-01-20 15:00:00+00:00,314.91924332399344
2022-01-20 16:00:00+00:00,301.7145715171681
2022-01-20 17:00:00+00:00,343.2774643795373
2022-01-20 18:00:00+00:00,299.7301006310641
2022-01-20 19:00:00+00:00,352.13089226500057
2022-01-20 20:00:00+00:00,318.43312799935325
2022-01-20 21:00:00+00:00,298.1340551882667
2022-01-20 22:00:00+00:00,323.34765775686276
2022-01-20 23:00:00+00:00,316.8298744082994
2022-01-21 00:00:00+00:00,400.5304720519934
2022-01-21 01:00:00+00:00,311.5400745169303
2022-01-21 02:00:00+00:00,307.86206795825944
2022-01-21 03:00:00+00:00,361.17899742810255
2022-01-21 04:00:00+00:00,296.42193009705795
2022-01-21 05:00:00+00:00,270.089410579593
2022-01-21 06:00:00+00:00,300.82909260361737
2022-01-21 07:00:00+00:00,298.9426220450067
2022-01-21 08:00:00+00:00,333.84240350399324
2022-01-21 09:00:00+00:00,307.5146259544439
2022-01-21 10:00:00+00:00,266.39223285192116
2022-01-21 11:00:00+00:00,388.59475573895224
2022-01-21 12:00:00+00:00,290.70270776596516
2022-01-21 13:00:00+00:00,330.82703219941493
2022-01-21 14:00:00+00:00,330.7390780885145
2022-01-21 15:00:00+00:00,460.40092794436026
2022-01-21 16:00:00+00:00,329.33610978674733
2022-01-21 17:00:00+00:00,397.127462481069
2022-01-21 18:00:00+00:00,386.62221416233535
2022-01-21 19:00:00+00:00,398.8015666503781
2022-01-21 20:00:00+00:00,406.64696607075155
2022-01-21 21:00:00+00:00,335.30628812113554
2022-01-21 22:00:00+00:00,355.3232448576161
2022-01-21 23:00:00+00:00,291.24924789221785
2022-01-22 00:00:00+00:00,324.4000597520111
2022-01-22 01:00:00+00:00,347.8986827810805
2022-01-22 02:00:00+00:00,411.91047496501477
2022-01-22 03:00:00+00:00,391.73153876836517
2022-01-22 04:00:00+00:00,393.8514875809641
2022-01-22 05:00:00+00:00,422.923872305003
2022-01-22 06:00:00+00:00,410.9176460037038
2022-01-22 07:00:00+00:00,396.4813241805054
2022-01-22 08:00:00+00:00,463.63907378446214
2022-01-22 09:00:00+00:00,454.8408686069079
2022-01-22 10:00:00+00:00,337.83846212282504
2022-01-22 11:00:00+00:00,411.2415682656081
2022-01-22 12:00:00+00:00,438.1806491790352
2022-01-22 13:00:00+00:00,436.3762902109653
2022-01-22 14:00:00+00:00,453.59564175894815
2022-01-22 15:00:00+00:00,427.299167882484
2022-01-22 16:00:00+00:00,412.2132355050573
2022-01-22 17:00:00+00:00,403.0858461508957
2022-01-22 18:00:00+00:00,376.08292253887134
2022-01-22 19:00:00+00:00,385.6148116769578
2022-01-22 20:00:00+00:00,451.6511266871656
2022-01-22 21:00:00+00:00,406.2352085869596
2022-01-22 22:00:00+00:00,391.5817556342122
2022-01-22 23:00:00+00:00,344.58487753695215
2022-01-23 00:00:00+00:00,431.0368977732915
2022-01-23 01:00:00+00:00,438.3045162926263
2022-01-23 02:00:00+00:00,466.8296446005218
2022-01-23 03:00:00+00:00,394.4228659582675
2022-01-23 04:00:00+00:00,313.39018366412887
2022-01-23 05:00:00+00:00,471.7780219280757
2022-01-23 06:00:00+00:00,401.24543977178644
2022-01-23 07:00:00+00:00,373.1795293376554
2022-01-23 08:00:00+00:00,267.0529503096039
2022-01-23 09:00:00+00:00,364.20665839070773
2022-01-23 10:00:00+00:00,346.3236994172193
2022-01-23 11:00:00+00:00,351.49353693515724
2022-01-23 12:00:00+00:00,434.5742255069544
2022-01-23 13:00:00+00:00,446.3763517006368
2022-01-23 14:00:00+00:00,374.30378332256475
2022-01-23 15:00:00+00:00,394.87071293945814
2022-01-23 16:00:00+00:00,472.5785711104211
2022-01-23 17:00:00+00:00,451.0698038295248
2022-01-23 18:00:00+00:00,414.2481988734103
2022-01-23 19:00:00+00:00,374.9758034410357
2022-01-23 20:00:00+00:00,363.2279429677457
2022-01-23 21:00:00+00:00,404.7720504759699
2022-01-23 22:00:00+00:00,444.1488839884328
2022-01-23 23:00:00+00:00,425.3579912566412
2022-01-24 00:00:00+00:00,436.5079859447558
2022-01-24 01:00:00+00:00,501.2947480725349
2022-01-24 02:00:00+00:00,399.53293164241796
2022-01-24 03:00:00+00:00,491.9100382529538
2022-01-24 04:00:00+00:00,465.5484397769672
2022-01-24 05:00:00+00:00,452.3208473181283
2022-01-24 06:00:00+00:00,383.9566017284617
2022-01-24 07:00:00+00:00,410.35032260226086
2022-01-24 08:00:00+00:00,428.99950817316346
2022-01-24 09:00:00+00:00,403.7437259805002
2022-01-24 10:00:00+00:00,416.5726673523985
2022-01-24 11:00:00+00:00,423.054665094378
2022-01-24 12:00:00+00:00,300.3892166622644
2022-01-24 13:00:00+00:00,359.283379429249
2022-01-24 14:00:00+00:00,335.3663287476959
2022-01-24 15:00:00+00:00,439.87518581446415
2022-01-24 16:00:00+00:00,413.7632515947992
2022-01-24 17:00:00+00:00,438.17500808254704
2022-01-24 18:00:00+00:00,453.34066629791624
2022-01-24 19:00:00+00:00,384.7127910346058
2022-01-24 20:00:00+00:00,374.0773939744901
2022-01-24 21:00:00+00:00,414.53214756270387
2022-01-24 22:00:00+00:00,437.829925069466
2022-01-24 23:00:00+00:00,426.36458991233667
2022-01-25 00:00:00+00:00,372.59925833659304
2022-01-25 01:00:00+00:00,472.21050298434426
2022-01-25 02:00:00+00:00,382.1697322795055
2022-01-25 03:00:00+00:00,447.311164957621
2022-01-25 04:00:00+00:00,333.4410873892506
2022-01-25 05:00:00+00:00,375.52588706984255
2022-01-25 06:00:00+00:00,405.28143245321206
2022-01-25 07:00:00+00:00,337.84611385520884
2022-01-25 08:00:00+00:00,405.739596098736
2022-01-25 09:00:00+00:00,268.03444972614903
2022-01-25 10:00:00+00:00,357.54623159801696
2022-01-25 11:00:00+00:00,317.6924203770034
2022-01-25 12:00:00+00:00,325.064085087986
2022-01-25 13:00:00+00:00,364.18678830729084
2022-01-25 14:00:00+00:00,394.3377032266773
2022-01-25 15:00:00+00:00,362.7968818434396
2022-01-25 16:00:00+00:00,407.1797936989596
2022-01-25 17:00:00+00:00,423.8301376489006
2022-01-25 18:00:00+00:00,351.9898894024606
2022-01-25 19:00:00+00:00,360.2039504140769
2022-01-25 20:00:00+00:00,445.92688988247744
2022-01-25 21:00:00+00:00,435.97428829947705
2022-01-25 22:00:00+00:00,300.95718950174995
2022-01-25 23:00:00+00:00,424.66259040290504
2022-01-26 00:00:00+00:00,380.6988281081742
2022-01-26 01:00:00+00:00,446.26378740664165
2022-01-26 02:00:00+00:00,491.24210193126163
2022-01-26 03:00:00+00:00,406.0697484643753
2022-01-26 04:00:00+00:00,473.89070159626937
2022-01-26 05:00:00+00:00,489.4650578896301
2022-01-26 06:00:00+00:00,420.9472474185998
2022-01-26 07:00:00+00:00,444.7731099842247
2022-01-26 08:00:00+00:00,460.08769679864656
2022-01-26 09:00:00+00:00,407.01242435068565
2022-01-26 10:00:00+00:00,434.7438313539682
2022-01-26 11:00:00+00:00,372.07181070572346
2022-01-26 12:00:00+00:00,335.4360758732914
2022-01-26 13:00:00+00:00,360.56401303746486
2022-01-26 14:00:00+00:00,341.65584308349173
2022-01-26 15:00:00+00:00,369.5989727942085
2022-01-26 16:00:00+00:00,342.90945208053563
2022-01-26 17:00:00+00:00,365.533052984744
2022-01-26 18:00:00+00:00,339.1210439775958
2022-01-26 19:00:00+00:00,318.6727572312238
2022-01-26 20:00:00+00:00,376.9517475019353
2022-01-26 21:00:00+00:00,433.3932868346295
2022-01-26 22:00:00+00:00,355.6957999729096
2022-01-26 23:00:00+00:00,344.8723341965875
2022-01-27 00:00:00+00:00,375.13300955894584
2022-01-27 01:00:00+00:00,412.57528306904857
2022-01-27 02:00:00+00:00,339.2902701601027
2022-01-27 03:00:00+00:00,365.7840436396888
2022-01-27 04:00:00+00:00,306.24461010237866
2022-01-27 05:00:00+00:00,297.5637647103626
2022-01-27 06:00:00+00:00,345.6639345963852
2022-01-27 07:00:00+00:00,312.47119389512994
2022-01-27 08:00:00+00:00,373.11686635346393
2022-01-27 09:00:00+00:00,308.7060997612656
2022-01-27 10:00:00+00:00,438.0256112259158
2022-01-27 11:00:00+00:00,356.42820616506293
2022-01-27 12:00:00+00:00,362.9028380703021
2022-01-27 13:00:00+00:00,384.88370218511096
2022-01-27 14:00:00+00:00,443.20396085322943
2022-01-27 15:00:00+00:00,438.06710832931674
2022-01-27 16:00:00+00:00,410.1755133323101
2022-01-27 17:00:00+00:00,429.4745311818675
2022-01-27 18:00:00+00:00,358.84334679664795
2022-01-27 19:00:00+00:00,470.8807527659943
2022-01-27 20:00:00+00:00,374.6339723916188
2022-01-27 21:00:00+00:00,450.2856328249722
2022-01-27 22:00:00+00:00,450.6358581969002
2022-01-27 23:00:00+00:00,433.2672791441009
2022-01-28 00:00:00+00:00,474.2581546583525
2022-01-28 01:00:00+00:00,504.8033889065743
2022-01-28 02:00:00+00:00,464.71409400386733
2022-01-28 03:00:00+00:00,475.8934911940266
2022-01-28 04:00:00+00:00,432.2050035871773
2022-01-28 05:00:00+00:00,305.91841684945035
2022-01-28 06:00:00+00:00,457.39615472729514
2022-01-28 07:00:00+00:00,424.21820484332454
2022-01-28 08:00:00+00:00,458.3036672004701
2022-01-28 09:00:00+00:00,430.8473884222368
2022-01-28 10:00:00+00:00,505.28929627438646
2022-01-28 11:00:00+00:00,405.16174244549853
2022-01-28 12:00:00+00:00,412.118919612396
2022-01-28 13:00:00+00:00,374.47833715271
2022-01-28 14:00:00+00:00,364.6458287085998
2022-01-28 15:00:00+00:00,460.69666339388215
2022-01-28 16:00:00+00:00,408.82203332415344
2022-01-28 17:00:00+00:00,445.71786010743347
2022-01-28 18:00:00+00:00,432.88893429340425
2022-01-28 19:00:00+00:00,428.65709259988233
2022-01-28 20:00:00+00:00,448.1978800271369
2022-01-28 21:00:00+00:00,404.24891903395013
2022-01-28 22:00:00+00:00,393.796747889201
2022-01-28 23:00:00+00:00,413.85619738892547
2022-01-29 00:00:00+00:00,393.6595492465336
2022-01-29 01:00:00+00:00,391.89802233980606
2022-01-29 02:00:00+00:00,346.3373546693223
2022-01-29 03:00:00+00:00,408.17604909487545
2022-01-29 04:00:00+00:00,409.7346866157432
2022-01-29 05:00:00+00:00,306.39127274635877
2022-01-29 06:00:00+00:00,373.54753852346755
2022-01-29 07:00:00+00:00,307.22774939829014
2022-01-29 08:00:00+00:00,366.8979213647171
2022-01-29 09:00:00+00:00,394.4275867737517
2022-01-29 10:00:00+00:00,309.23774384933074
2022-01-29 11:00:00+00:00,330.360837951344
2022-01-29 12:00:00+00:00,326.2092938301387
2022-01-29 13:00:00+00:00,383.0571642677178
2022-01-29 14:00:00+00:00,386.5904736965812
2022-01-29 15:00:00+00:00,437.7343476704393
2022-01-29 16:00:00+00:00,406.2352085869596
2022-01-29 17:00:00+00:00,381.09963051119695
2022-01-29 18:00:00+00:00,368.06487949324446
2022-01-29 19:00:00+00:00,337.9534226220718
2022-01-29 20:00:00+00:00,340.4642358173813
2022-01-29 21:00:00+00:00,357.63011230054417
2022-01-29 22:00:00+00:00,344.6282750863174
2022-01-29 23:00:00+00:00,335.7822774497171
2022-01-30 00:00:00+00:00,391.3909876842011
2022-01-30 01:00:00+00:00,466.51034593188905
2022-01-30 02:00:00+00:00,330.4060075241805
2022-01-30 03:00:00+00:00,389.86095015200203
2022-01-30 04:00:00+00:00,351.0716758661676
2022-01-30 05:00:00+00:00,461.67731593208833
2022-01-30 06:00:00+00:00,427.16897209212
2022-01-30 07:00:00+00:00,351.6422080733341
2022-01-30 08:00:00+00:00,399.11638183533836
2022-01-30 09:00:00+00:00,403.9929584088936
2022-01-30 10:00:00+00:00,381.47936834380863
2022-01-30 11:00:00+00:00,385.425766303054
2022-01-30 12:00:00+00:00,350.8666594154844
2022-01-30 13:00:00+00:00,407.16614237387137
2022-01-30 14:00:00+00:00,363.46259113757986
2022-01-30 15:00:00+00:00,366.7413571658674
2022-01-30 16:00:00+00:00,358.0637478450365
2022-01-30 17:00:00+00:00,447.2906220760874
2022-01-30 18:00:00+00:00,371.45342542074224
2022-01-30 19:00:00+00:00,425.5913324692493
2022-01-30 20:00:00+00:00,332.55294003946767
2022-01-30 21:00:00+00:00,345.2877830926724
2022-01-30 22:00:00+00:00,421.7864863621047
2022-01-30 23:00:00+00:00,331.9748404600247
2022-01-31 00:00:00+00:00,325.58619036776935
2022-01-31 01:00:00+00:00,311.14165908428316
2022-01-31 02:00:00+00:00,369.25696058713703
2022-01-31 03:00:00+00:00,329.35894019079166
2022-01-31 04:00:00+00:00,349.23706632776975
2022-01-31 05:00:00+00:00,379.43676258144
2022-01-31 06:00:00+00:00,389.8834334587719
2022-01-31 07:00:00+00:00,344.05187742112
2022-01-31 08:00:00+00:00,378.6448211933899
2022-01-31 09:00:00+00:00,301.583153533973
2022-01-31 10:00:00+00:00,305.7278153958611
2022-01-31 11:00:00+00:00,303.58906367056494
2022-01-31 12:00:00+00:00,405.1203143484363
2022-01-31 13:00:00+00:00,405.4984120419215
2022-01-31 14:00:00+00:00,425.60728324208367
2022-01-31 15:00:00+00:00,448.88553004591273
2022-01-31 16:00:00+00:00,437.99363193134843
2022-01-31 17:00:00+00:00,378.90479476504055
2022-01-31 18:00:00+00:00,380.8981841410674
2022-01-31 19:00:00+00:00,336.2284138030631
2022-01-31 20:00:00+00:00,347.1657901851765
2022-01-31 21:00:00+00:00,459.9114146554735
2022-01-31 22:00:00+00:00,351.98182923837356
2022-01-31 23:00:00+00:00,430.53521002082584
2022-02-01 00:00:00+00:00,379.57644769720423
2022-02-01 01:00:00+00:00,404.400987018325
2022-02-01 02:00:00+00:00,408.2660126988302
2022-02-01 03:00:00+00:00,391.3394812889864
2022-02-01 04:00:00+00:00,391.9864958977673
2022-02-01 05:00:00+00:00,337.163354351871
2022-02-01 06:00:00+00:00,412.854826447551
2022-02-01 07:00:00+00:00,379.1257930693615
2022-02-01 08:00:00+00:00,273.04518095719476
2022-02-01 09:00:00+00:00,366.6508076414809
2022-02-01 10:00:00+00:00,297.52005132590176
2022-02-01 11:00:00+00:00,355.55148293349174
2022-02-01 12:00:00+00:00,347.249337716222
2022-02-01 13:00:00+00:00,355.82947836312843
2022-02-01 14:00:00+00:00,428.39773310166146
2022-02-01 15:00:00+00:00,402.7920534720884
2022-02-01 16:00:00+00:00,442.92025451212504
2022-02-01 17:00:00+00:00,413.7503396822519
2022-02-01 18:00:00+00:00,423.3968157919946
2022-02-01 19:00:00+00:00,413.1388371993901
2022-02-01 20:00:00+00:00,349.8448323433381
2022-02-01 21:00:00+00:00,380.90424051703445
2022-02-01 22:00:00+00:00,379.24731751662273
2022-02-01 23:00:00+00:00,360.75066348559596
2022-02-02 00:00:00+00:00,390.0882956598492
2022-02-02 01:00:00+00:00,403.0839078586482
2022-02-02 02:00:00+00:00,327.77973500947667
2022-02-02 03:00:00+00:00,435.7217635148488
2022-02-02 04:00:00+00:00,362.13636232845806
2022-02-02 05:00:00+00:00,374.3438857603575
2022-02-02 06:00:00+00:00,313.74455198038606
2022-02-02 07:00:00+00:00,285.6816857424869
2022-02-02 08:00:00+00:00,347.0084017826035
2022-02-02 09:00:00+00:00,325.0924896003432
2022-02-02 10:00:00+00:00,280.4336342130153
2022-02-02 11:00:00+00:00,385.9050899104222
2022-02-02 12:00:00+00:00,338.7332799227881
2022-02-02 13:00:00+00:00,294.67773835191826
2022-02-02 14:00:00+00:00,361.93835687420085
2022-02-02 15:00:00+00:00,330.91217617695327
2022-02-02 16:00:00+00:00,433.9364874662249
2022-02-02 17:00:00+00:00,385.6427889577006
2022-02-02 18:00:00+00:00,433.8124179078075
2022-02-02 19:00:00+00:00,339.98630425416445
2022-02-02 20:00:00+00:00,405.542666095369
2022-02-02 21:00:00+00:00,309.8482136721723
2022-02-02 22:00:00+00:00,460.0015105268923
2022-02-02 23:00:00+00:00,359.48673425740105
2022-02-03 00:00:00+00:00,474.14716956797474
2022-02-03 01:00:00+00:00,430.1241143167272
2022-02-03 02:00:00+00:00,316.8755713742073
2022-02-03 03:00:00+00:00,353.7683723468113
2022-02-03 04:00:00+00:00,319.6957177104274
2022-02-03 05:00:00+00:00,252.47637002147786
2022-02-03 06:00:00+00:00,356.7054708263958
2022-02-03 07:00:00+00:00,302.5505013149861
2022-02-03 08:00:00+00:00,306.7325387428568
2022-02-03 09:00:00+00:00,363.3691740756481
2022-02-03 10:00:00+00:00,324.2585334442697
2022-02-03 11:00:00+00:00,392.3672458591231
2022-02-03 12:00:00+00:00,264.4784486102836
2022-02-03 13:00:00+00:00,371.4243406953565
2022-02-03 14:00:00+00:00,241.85255368897262
2022-02-03 15:00:00+00:00,262.40815492579486
2022-02-03 16:00:00+00:00,320.94717312075954
2022-02-03 17:00:00+00:00,305.47810047084073
2022-02-03 18:00:00+00:00,307.4549326983465
2022-02-03 19:00:00+00:00,434.65708788506123
2022-02-03 20:00:00+00:00,274.04054238924994
2022-02-03 21:00:00+00:00,337.67425718108933
2022-02-03 22:00:00+00:00,365.12985728241
2022-02-03 23:00:00+00:00,340.08530720170876
2022-02-04 00:00:00+00:00,355.8533531480939
2022-02-04 01:00:00+00:00,343.8180015962471
2022-02-04 02:00:00+00:00,345.71707464637524
2022-02-04 03:00:00+00:00,323.4407022391173
2022-02-04 04:00:00+00:00,339.1059179448058
2022-02-04 05:00:00+00:00,381.89006190701815
2022-02-04 06:00:00+00:00,296.4976691309763
2022-02-04 07:00:00+00:00,339.81472050236977
2022-02-04 08:00:00+00:00,391.0970069145909
2022-02-04 09:00:00+00:00,297.308013198141
2022-02-04 10:00:00+00:00,399.9435993526333
2022-02-04 11:00:00+00:00,310.8797463976214
2022-02-04 12:00:00+00:00,369.82938722457766
2022-02-04 13:00:00+00:00,377.49039695624475
2022-02-04 14:00:00+00:00,401.0904104796401
2022-02-04 15:00:00+00:00,361.62695656870324
2022-02-04 16:00:00+00:00,244.37174386064936
2022-02-04 17:00:00+00:00,445.4983820878007
2022-02-04 18:00:00+00:00,430.63512078309867
2022-02-04 19:00:00+00:00,320.4969004591574
2022-02-04 20:00:00+00:00,310.299923781893
2022-02-04 21:00:00+00:00,386.91227035195294
2022-02-04 22:00:00+00:00,395.1641281008935
2022-02-04 23:00:00+00:00,344.92283646520997
2022-02-05 00:00:00+00:00,320.06078724316274
2022-02-05 01:00:00+00:00,384.82181627239436
2022-02-05 02:00:00+00:00,380.00359196699407
2022-02-05 03:00:00+00:00,363.2021083374543
2022-02-05 04:00:00+00:00,350.5731197624414
2022-02-05 05:00:00+00:00,379.55921090393394
2022-02-05 06:00:00+00:00,355.3491848816257
2022-02-05 07:00:00+00:00,454.82787047108087
2022-02-05 08:00:00+00:00,438.2263486682872
2022-02-05 09:00:00+00:00,350.6109357354314
2022-02-05 10:00:00+00:00,459.8892408285443
2022-02-05 11:00:00+00:00,357.6573541087546
2022-02-05 12:00:00+00:00,428.00321585736515
2022-02-05 13:00:00+00:00,336.6544825335315
2022-02-05 14:00:00+00:00,357.5492653082896
2022-02-05 15:00:00+00:00,378.9790566332498
2022-02-05 16:00:00+00:00,377.5068009496586
2022-02-05 17:00:00+00:00,414.4105252130894
2022-02-05 18:00:00+00:00,401.9782690338053
2022-02-05 19:00:00+00:00,349.23793121918345
2022-02-05 20:00:00+00:00,355.26699464578354
2022-02-05 21:00:00+00:00,377.8770228604753
2022-02-05 22:00:00+00:00,447.91640236914844
2022-02-05 23:00:00+00:00,337.1566739829036
2022-02-06 00:00:00+00:00,441.4317232983175
2022-02-06 01:00:00+00:00,424.41790103598896
2022-02-06 02:00:00+00:00,464.3543448198976
2022-02-06 03:00:00+00:00,461.56119198642193
2022-02-06 04:00:00+00:00,449.35691238112054
2022-02-06 05:00:00+00:00,395.9781831344252
2022-02-06 06:00:00+00:00,400.14448786037275
2022-02-06 07:00:00+00:00,365.10163882432494
2022-02-06 08:00:00+00:00,405.30094087850574
2022-02-06 09:00:00+00:00,444.81619862210044
2022-02-06 10:00:00+00:00,431.62602587234255
2022-02-06 11:00:00+00:00,431.97113686304124
2022-02-06 12:00:00+00:00,403.8996782233177
2022-02-06 13:00:00+00:00,426.04490441437366
2022-02-06 14:00:00+00:00,368.4506215443436
2022-02-06 15:00:00+00:00,342.58584482426585
2022-02-06 16:00:00+00:00,502.0688584261439
2022-02-06 17:00:00+00:00,400.5738145932575
2022-02-06 18:00:00+00:00,356.656590287838
2022-02-06 19:00:00+00:00,350.5335083884643
2022-02-06 20:00:00+00:00,327.63645142552093
2022-02-06 21:00:00+00:00,271.76755220008556
2022-02-06 22:00:00+00:00,289.2531770764855
2022-02-06 23:00:00+00:00,316.9739790801692
2022-02-07 00:00:00+00:00,332.4413401258077
2022-02-07 01:00:00+00:00,356.58526553993926
2022-02-07 02:00:00+00:00,352.517103621037
2022-02-07 03:00:00+00:00,389.36628548489807
2022-02-07 04:00:00+00:00,434.57909595765796
2022-02-07 05:00:00+00:00,369.8879214573655
2022-02-07 06:00:00+00:00,291.3005389166167
2022-02-07 07:00:00+00:00,407.1281718423604
2022-02-07 08:00:00+00:00,373.3273594274437
2022-02-07 09:00:00+00:00,320.0403699829974
2022-02-07 10:00:00+00:00,357.02470003840534
2022-02-07 11:00:00+00:00,352.43182059267866
2022-02-07 12:00:00+00:00,327.49182165799976
2022-02-07 13:00:00+00:00,397.0878596719211
2022-02-07 14:00:00+00:00,439.568098855026
2022-02-07 15:00:00+00:00,411.00840177514107
2022-02-07 16:00:00+00:00,408.14667449174635
2022-02-07 17:00:00+00:00,392.53075553141264
2022-02-07 18:00:00+00:00,409.28890024173785
2022-02-07 19:00:00+00:00,271.0771990244297
2022-02-07 20:00:00+00:00,344.15900844343975
2022-02-07 21:00:00+00:00,351.80081271548397
2022-02-07 22:00:00+00:00,324.4297878970655
2022-02-07 23:00:00+00:00,413.0882984340393
2022-02-08 00:00:00+00:00,362.9095923692243
2022-02-08 01:00:00+00:00,369.99305382360257
2022-02-08 02:00:00+00:00,441.2399042630709
2022-02-08 03:00:00+00:00,431.15174765784843
2022-02-08 04:00:00+00:00,334.439968073359
2022-02-08 05:00:00+00:00,375.6971223691925
2022-02-08 06:00:00+00:00,426.2554210325804
2022-02-08 07:00:00+00:00,375.8660727302899
2022-02-08 08:00:00+00:00,356.89439434564156
2022-02-08 09:00:00+00:00,460.90257785819847
2022-02-08 10:00:00+00:00,355.0778605454772
2022-02-08 11:00:00+00:00,469.9704963767487
2022-02-08 12:00:00+00:00,375.77501317380376
2022-02-08 13:00:00+00:00,330.11248733645004
2022-02-08 14:00:00+00:00,430.9130292182603
2022-02-08 15:00:00+00:00,441.696750932101
2022-02-08 16:00:00+00:00,374.83837521851655
2022-02-08 17:00:00+00:00,419.07767588500224
2022-02-08 18:00:00+00:00,307.6440163835184
2022-02-08 19:00:00+00:00,342.8266428118801
2022-02-08 20:00:00+00:00,397.3428075017909
2022-02-08 21:00:00+00:00,373.1093225323061
2022-02-08 22:00:00+00:00,429.6425859517753
2022-02-08 23:00:00+00:00,402.0070957006537
2022-02-09 00:00:00+00:00,415.7777190765969
2022-02-09 01:00:00+00:00,466.4967344288178
2022-02-09 02:00:00+00:00,496.22827548726457
2022-02-09 03:00:00+00:00,469.2629163155579
2022-02-09 04:00:00+00:00,427.9153944572552
2022-02-09 05:00:00+00:00,400.38164490939266
2022-02-09 06:00:00+00:00,384.60304388625883
2022-02-09 07:00:00+00:00,237.1157011872955
2022-02-09 08:00:00+00:00,329.3205306019333
2022-02-09 09:00:00+00:00,361.836613428058
2022-02-09 10:00:00+00:00,355.9041762825942
2022-02-09 11:00:00+00:00,375.12402808894075
2022-02-09 12:00:00+00:00,443.48699656161557
2022-02-09 13:00:00+00:00,355.6132184357981
2022-02-09 14:00:00+00:00,301.5538208482381
2022-02-09 15:00:00+00:00,299.05310492173265
2022-02-09 16:00:00+00:00,301.1251189646873
2022-02-09 17:00:00+00:00,314.8245807052491
2022-02-09 18:00:00+00:00,329.90025850004906
2022-02-09 19:00:00+00:00,276.69110542596576
2022-02-09 20:00:00+00:00,456.05597792687786
2022-02-09 21:00:00+00:00,394.5470946636502
2022-02-09 22:00:00+00:00,308.5011982664914
2022-02-09 23:00:00+00:00,341.9128546478176
2022-02-10 00:00:00+00:00,343.0453336061636
2022-02-10 01:00:00+00:00,358.8457085130484
2022-02-10 02:00:00+00:00,369.8538940168659
2022-02-10 03:00:00+00:00,315.80608540793907
2022-02-10 04:00:00+00:00,366.575135775363
2022-02-10 05:00:00+00:00,340.25992527286087
2022-02-10 06:00:00+00:00,331.8783408186609
2022-02-10 07:00:00+00:00,338.16248489939113
2022-02-10 08:00:00+00:00,364.0440467239214
2022-02-10 09:00:00+00:00,426.9195957007183
2022-02-10 10:00:00+00:00,336.5979905170771
2022-02-10 11:00:00+00:00,447.5464065920728
2022-02-10 12:00:00+00:00,450.9771318676471
2022-02-10 13:00:00+00:00,469.1954646815691
2022-02-10 14:00:00+00:00,421.90499895542285
2022-02-10 15:00:00+00:00,426.44274344675716
2022-02-10 16:00:00+00:00,285.33243671781537
2022-02-10 17:00:00+00:00,265.3900715572644
2022-02-10 18:00:00+00:00,355.6424734652409
2022-02-10 19:00:00+00:00,423.1126075864111
2022-02-10 20:00:00+00:00,241.935156088217
2022-02-10 21:00:00+00:00,335.45482316321704
2022-02-10 22:00:00+00:00,402.72695961035083
2022-02-10 23:00:00+00:00,453.86808283642256
2022-02-11 00:00:00+00:00,463.1836466509011
2022-02-11 01:00:00+00:00,492.84872058900845
2022-02-11 02:00:00+00:00,422.86918797462636
2022-02-11 03:00:00+00:00,363.4646548183551
2022-02-11 04:00:00+00:00,380.1622957316636
2022-02-11 05:00:00+00:00,402.4592338744039
2022-02-11 06:00:00+00:00,377.935093443913
2022-02-11 07:00:00+00:00,270.27907316165823
2022-02-11 08:00:00+00:00,418.73915972910123
2022-02-11 09:00:00+00:00,424.0775834255537
2022-02-11 10:00:00+00:00,282.7821494026988
2022-02-11 11:00:00+00:00,333.5382701161059
2022-02-11 12:00:00+00:00,451.2105541383993
2022-02-11 13:00:00+00:00,426.82035909659373
2022-02-11 14:00:00+00:00,413.1865518043829
2022-02-11 15:00:00+00:00,311.1122142433441
2022-02-11 16:00:00+00:00,336.6347898697237
2022-02-11 17:00:00+00:00,330.7037995444745
2022-02-11 18:00:00+00:00,356.656458036236
2022-02-11 19:00:00+00:00,447.37174277813983
2022-02-11 20:00:00+00:00,343.62302412653554
2022-02-11 21:00:00+00:00,378.59731271195295
2022-02-11 22:00:00+00:00,431.71790519595964
2022-02-11 23:00:00+00:00,391.12914692446435
2022-02-12 00:00:00+00:00,427.5620599151186
2022-02-12 01:00:00+00:00,486.56765390614123
2022-02-12 02:00:00+00:00,431.4464100475046
2022-02-12 03:00:00+00:00,464.3055552046835
2022-02-12 04:00:00+00:00,417.550036212859
2022-02-12 05:00:00+00:00,387.7811159917886
2022-02-12 06:00:00+00:00,326.9644715339668
2022-02-12 07:00:00+00:00,338.8599537784783
2022-02-12 08:00:00+00:00,347.1816728786176
2022-02-12 09:00:00+00:00,381.53512964279287
2022-02-12 10:00:00+00:00,277.7536224009101
2022-02-12 11:00:00+00:00,325.34181045871327
2022-02-12 12:00:00+00:00,307.05507752382647
2022-02-12 13:00:00+00:00,384.9362020422297
2022-02-12 14:00:00+00:00,345.83042552231086
2022-02-12 15:00:00+00:00,448.8768590552383
2022-02-12 16:00:00+00:00,270.28244464271836
2022-02-12 17:00:00+00:00,361.1022363069744
2022-02-12 18:00:00+00:00,295.38733822517963
2022-02-12 19:00:00+00:00,330.9386268858237
2022-02-12 20:00:00+00:00,397.98563224409156
2022-02-12 21:00:00+00:00,305.73492791518055
2022-02-12 22:00:00+00:00,370.25970617525957
2022-02-12 23:00:00+00:00,303.9900153086516
2022-02-13 00:00:00+00:00,369.0543948699424
2022-02-13 01:00:00+00:00,258.88731303776274
2022-02-13 02:00:00+00:00,338.9089513588363
2022-02-13 03:00:00+00:00,304.7706363522859
2022-02-13 04:00:00+00:00,293.27448351944486
2022-02-13 05:00:00+00:00,365.9312598450455
2022-02-13 06:00:00+00:00,233.8358155384947
2022-02-13 07:00:00+00:00,215.90127461194308
2022-02-13 08:00:00+00:00,299.8959717064706
2022-02-13 09:00:00+00:00,365.2784442279055
2022-02-13 10:00:00+00:00,225.33688303109085
2022-02-13 11:00:00+00:00,295.2434558341383
2022-02-13 12:00:00+00:00,237.14930814660812
2022-02-13 13:00:00+00:00,256.35595716995846
2022-02-13 14:00:00+00:00,396.11331291339286
2022-02-13 15:00:00+00:00,320.3013566451709
2022-02-13 16:00:00+00:00,448.9214194806804
2022-02-13 17:00:00+00:00,235.71507837031365
2022-02-13 18:00:00+00:00,309.1844160083066
2022-02-13 19:00:00+00:00,407.8548763216499
2022-02-13 20:00:00+00:00,374.49099446453147
2022-02-13 21:00:00+00:00,389.61732669737563
2022-02-13 22:00:00+00:00,328.9874492203608
2022-02-13 23:00:00+00:00,382.5049281656413
2022-02-14 00:00:00+00:00,343.3855139107832
2022-02-14 01:00:00+00:00,412.3408639395743
2022-02-14 02:00:00+00:00,448.91474872478665
2022-02-14 03:00:00+00:00,412.222695116517
2022-02-14 04:00:00+00:00,488.74803150585325
2022-02-14 05:00:00+00:00,427.91018615145344
2022-02-14 06:00:00+00:00,401.837422996767
2022-02-14 07:00:00+00:00,357.5160443803466
2022-02-14 08:00:00+00:00,372.84269227878804
2022-02-14 09:00:00+00:00,365.40417754846567
2022-02-14 10:00:00+00:00,272.7593227765269
2022-02-14 11:00:00+00:00,338.94694903421595
2022-02-14 12:00:00+00:00,427.34728154065596
2022-02-14 13:00:00+00:00,404.44579603573675
2022-02-14 14:00:00+00:00,347.6898895236075
2022-02-14 15:00:00+00:00,366.51697071081156
2022-02-14 16:00:00+00:00,419.3739433853556
2022-02-14 17:00:00+00:00,368.550757768665
2022-02-14 18:00:00+00:00,383.32476800444397
2022-02-14 19:00:00+00:00,376.06192172467036
2022-02-14 20:00:00+00:00,426.3641993801926
2022-02-14 21:00:00+00:00,325.0019711890882
2022-02-14 22:00:00+00:00,320.72978279184264
2022-02-14 23:00:00+00:00,294.5470153893369
2022-02-15 00:00:00+00:00,280.2923855015704
2022-02-15 01:00:00+00:00,368.5558433207878
2022-02-15 02:00:00+00:00,397.5751652725481
2022-02-15 03:00:00+00:00,430.2287143161331
2022-02-15 04:00:00+00:00,382.83877212106256
2022-02-15 05:00:00+00:00,312.57947113067536
2022-02-15 06:00:00+00:00,408.08135017869887
2022-02-15 07:00:00+00:00,344.30977305237644
2022-02-15 08:00:00+00:00,293.7900820170991
2022-02-15 09:00:00+00:00,318.21927750758283
2022-02-15 10:00:00+00:00,310.14451827775304
2022-02-15 11:00:00+00:00,293.82305415437565
2022-02-15 12:00:00+00:00,347.31946629998356
2022-02-15 13:00:00+00:00,370.7275737307017
2022-02-15 14:00:00+00:00,411.0947190641827
2022-02-15 15:00:00+00:00,343.2632028674779
2022-02-15 16:00:00+00:00,394.4188983235572
2022-02-15 17:00:00+00:00,353.2524983948438
2022-02-15 18:00:00+00:00,365.94409400679365
2022-02-15 19:00:00+00:00,332.7278656225509
2022-02-15 20:00:00+00:00,315.7244203792129
2022-02-15 21:00:00+00:00,408.08348613383305
2022-02-15 22:00:00+00:00,430.841089827811
2022-02-15 23:00:00+00:00,370.1062934199053
2022-02-16 00:00:00+00:00,364.47410826799404
2022-02-16 01:00:00+00:00,377.34005784666044
2022-02-16 02:00:00+00:00,292.15954892337766
2022-02-16 03:00:00+00:00,245.22222982093908
2022-02-16 04:00:00+00:00,363.3503617896123
2022-02-16 05:00:00+00:00,244.53211965407814
2022-02-16 06:00:00+00:00,317.09364858775706
2022-02-16 07:00:00+00:00,246.647366584023
2022-02-16 08:00:00+00:00,288.244940884309
2022-02-16 09:00:00+00:00,234.71800055752593
2022-02-16 10:00:00+00:00,226.63895507953765
2022-02-16 11:00:00+00:00,322.45089652768746
2022-02-16 12:00:00+00:00,279.37780605468186
2022-02-16 13:00:00+00:00,318.61916213759673
2022-02-16 14:00:00+00:00,314.29281456191205
2022-02-16 15:00:00+00:00,257.99687753741244
2022-02-16 16:00:00+00:00,279.9209335301887
2022-02-16 17:00:00+00:00,213.50130322033786
2022-02-16 18:00:00+00:00,343.81599748715723
2022-02-16 19:00:00+00:00,294.47961035756236
2022-02-16 20:00:00+00:00,344.30836284841746
2022-02-16 21:00:00+00:00,340.1709220081039
2022-02-16 22:00:00+00:00,247.3991292778604
2022-02-16 23:00:00+00:00,315.72484241121185
2022-02-17 00:00:00+00:00,383.8779528531158
2022-02-17 01:00:00+00:00,322.1429309562657
2022-02-17 02:00:00+00:00,408.2581649669315
2022-02-17 03:00:00+00:00,333.59684671016316
2022-02-17 04:00:00+00:00,294.26348705573776
2022-02-17 05:00:00+00:00,329.28638931238424
2022-02-17 06:00:00+00:00,268.8478395538205
2022-02-17 07:00:00+00:00,341.2956820408913
2022-02-17 08:00:00+00:00,288.58383358823534
2022-02-17 09:00:00+00:00,306.6662708864078
2022-02-17 10:00:00+00:00,341.9495957844833
2022-02-17 11:00:00+00:00,272.44153260825203
2022-02-17 12:00:00+00:00,283.4095050217783
2022-02-17 13:00:00+00:00,365.7177807676694
2022-02-17 14:00:00+00:00,248.5858681108045
2022-02-17 15:00:00+00:00,315.6528238871052
2022-02-17 16:00:00+00:00,252.30662214745223
2022-02-17 17:00:00+00:00,364.2919124942953
2022-02-17 18:00:00+00:00,248.5853161379328
2022-02-17 19:00:00+00:00,331.057683936187
2022-02-17 20:00:00+00:00,351.7174266524746
2022-02-17 21:00:00+00:00,352.96889283629054
2022-02-17 22:00:00+00:00,393.85863173525644
2022-02-17 23:00:00+00:00,297.5503069294119
2022-02-18 00:00:00+00:00,394.06676332195974
2022-02-18 01:00:00+00:00,429.05449189843955
2022-02-18 02:00:00+00:00,330.9386268858237
2022-02-18 03:00:00+00:00,320.92874518118674
2022-02-18 04:00:00+00:00,264.33715055892816
2022-02-18 05:00:00+00:00,256.4200849082525
2022-02-18 06:00:00+00:00,327.7758911863741
2022-02-18 07:00:00+00:00,225.872700421257
2022-02-18 08:00:00+00:00,231.61658432393588
2022-02-18 09:00:00+00:00,217.60210976555982
2022-02-18 10:00:00+00:00,352.4129372439484
2022-02-18 11:00:00+00:00,288.03115205864776
2022-02-18 12:00:00+00:00,305.73933503681496
2022-02-18 13:00:00+00:00,299.2419609495587
2022-02-18 14:00:00+00:00,254.13256519607256
2022-02-18 15:00:00+00:00,363.34813849938183
2022-02-18 16:00:00+00:00,342.3775821198013
2022-02-18 17:00:00+00:00,339.25465493949633
2022-02-18 18:00:00+00:00,323.1997598365143
2022-02-18 19:00:00+00:00,285.3343893391427
2022-02-18 20:00:00+00:00,345.3219585146219
2022-02-18 21:00:00+00:00,394.3053360150134
2022-02-18 22:00:00+00:00,297.874836035716
2022-02-18 23:00:00+00:00,350.15950200826774
2022-02-19 00:00:00+00:00,433.6617915757134
2022-02-19 01:00:00+00:00,400.788911862392
2022-02-19 02:00:00+00:00,390.9801744372154
2022-02-19 03:00:00+00:00,359.43233478105384
2022-02-19 04:00:00+00:00,434.1138335879343
2022-02-19 05:00:00+00:00,394.76536005253706
2022-02-19 06:00:00+00:00,347.59856391968856
2022-02-19 07:00:00+00:00,438.14947226133745
2022-02-19 08:00:00+00:00,451.1392729259031
2022-02-19 09:00:00+00:00,430.62513411026066
2022-02-19 10:00:00+00:00,418.0628228153258
2022-02-19 11:00:00+00:00,380.9731397347822
2022-02-19 12:00:00+00:00,382.1986834061819
2022-02-19 13:00:00+00:00,459.8336573414649
2022-02-19 14:00:00+00:00,354.19480044599055
2022-02-19 15:00:00+00:00,410.07483614572504
2022-02-19 16:00:00+00:00,383.2374865311062
2022-02-19 17:00:00+00:00,340.6574669918871
2022-02-19 18:00:00+00:00,369.47915896591854
2022-02-19 19:00:00+00:00,392.4047618581438
2022-02-19 20:00:00+00:00,400.26727488506117
2022-02-19 21:00:00+00:00,373.0222100247767
2022-02-19 22:00:00+00:00,419.1095962468728
2022-02-19 23:00:00+00:00,368.1895494211309
2022-02-20 00:00:00+00:00,418.54140469986686
2022-02-20 01:00:00+00:00,449.33065738203857
2022-02-20 02:00:00+00:00,365.38250453769086
2022-02-20 03:00:00+00:00,400.37894028667995
2022-02-20 04:00:00+00:00,397.4339175063957
2022-02-20 05:00:00+00:00,368.0120671984245
2022-02-20 06:00:00+00:00,458.417231227809
2022-02-20 07:00:00+00:00,378.38374306407997
2022-02-20 08:00:00+00:00,420.680482118559
2022-02-20 09:00:00+00:00,430.8926551940403
2022-02-20 10:00:00+00:00,404.2063533680698
2022-02-20 11:00:00+00:00,405.66757598175525
2022-02-20 12:00:00+00:00,399.2539235013468
2022-02-20 13:00:00+00:00,439.9105573977509
2022-02-20 14:00:00+00:00,409.816791711335
2022-02-20 15:00:00+00:00,426.3474759531535
2022-02-20 16:00:00+00:00,437.80466911264756
2022-02-20 17:00:00+00:00,382.27202559458965
2022-02-20 18:00:00+00:00,409.1986921367197
2022-02-20 19:00:00+00:00,345.48686573581
2022-02-20 20:00:00+00:00,396.37668313798304
2022-02-20 21:00:00+00:00,318.8854253199288
2022-02-20 22:00:00+00:00,342.7156818715324
2022-02-20 23:00:00+00:00,282.5031452544548
2022-02-21 00:00:00+00:00,374.30324381749875
2022-02-21 01:00:00+00:00,427.14767432247896
2022-02-21 02:00:00+00:00,303.53314503473507
2022-02-21 03:00:00+00:00,415.74532828468983
2022-02-21 04:00:00+00:00,288.42365005939575
2022-02-21 05:00:00+00:00,337.188121916643
2022-02-21 06:00:00+00:00,337.1238964604478
2022-02-21 07:00:00+00:00,329.375981335143
2022-02-21 08:00:00+00:00,342.5086760584446
2022-02-21 09:00:00+00:00,287.3621010754846
2022-02-21 10:00:00+00:00,266.96144092326915
2022-02-21 11:00:00+00:00,408.35298410238045
2022-02-21 12:00:00+00:00,392.95282414824806
2022-02-21 13:00:00+00:00,278.6378970466915
2022-02-21 14:00:00+00:00,448.16016065727456
2022-02-21 15:00:00+00:00,381.88775156693697
2022-02-21 16:00:00+00:00,374.5617710017947
2022-02-21 17:00:00+00:00,312.3212833481219
2022-02-21 18:00:00+00:00,303.36149823529337
2022-02-21 19:00:00+00:00,220.21902980733506
2022-02-21 20:00:00+00:00,386.7680351098381
2022-02-21 21:00:00+00:00,258.24149828331093
2022-02-21 22:00:00+00:00,257.0011144176599
2022-02-21 23:00:00+00:00,326.343547134876
2022-02-22 00:00:00+00:00,394.19991128371305
2022-02-22 01:00:00+00:00,274.92117330319894
2022-02-22 02:00:00+00:00,306.37151644890173
2022-02-22 03:00:00+00:00,342.8920092924468
2022-02-22 04:00:00+00:00,307.5519928760154
2022-02-22 05:00:00+00:00,241.52526527104328
2022-02-22 06:00:00+00:00,262.5696450136472
2022-02-22 07:00:00+00:00,350.2944759476741
2022-02-22 08:00:00+00:00,249.86057522400594
2022-02-22 09:00:00+00:00,224.20588726542985
2022-02-22 10:00:00+00:00,179.0888057012577
2022-02-22 11:00:00+00:00,172.79225609227868
2022-02-22 12:00:00+00:00,235.11300997545047
2022-02-22 13:00:00+00:00,318.730405052867
2022-02-22 14:00:00+00:00,237.02621203779657
2022-02-22 15:00:00+00:00,298.281025838729
2022-02-22 16:00:00+00:00,334.63896870571426
2022-02-22 17:00:00+00:00,368.549000853374
2022-02-22 18:00:00+00:00,356.4471797644549
2022-02-22 19:00:00+00:00,343.3449482892256
2022-02-22 20:00:00+00:00,338.8038155824708
2022-02-22 21:00:00+00:00,396.0320004642012
2022-02-22 22:00:00+00:00,428.0070958329321
2022-02-22 23:00:00+00:00,348.1148242236295
2022-02-23 00:00:00+00:00,330.9405201736692
2022-02-23 01:00:00+00:00,408.95429633575327
2022-02-23 02:00:00+00:00,334.1306607002474
2022-02-23 03:00:00+00:00,313.1247060793473
2022-02-23 04:00:00+00:00,333.9608514322168
2022-02-23 05:00:00+00:00,325.8291160877459
2022-02-23 06:00:00+00:00,346.5976093963706
2022-02-23 07:00:00+00:00,247.19339510458943
2022-02-23 08:00:00+00:00,289.2770188297297
2022-02-23 09:00:00+00:00,350.289294888252
2022-02-23 10:00:00+00:00,286.13975728989027
2022-02-23 11:00:00+00:00,235.33401441929644
2022-02-23 12:00:00+00:00,217.11786298123613
2022-02-23 13:00:00+00:00,284.4758384047637
2022-02-23 14:00:00+00:00,271.6808898697731
2022-02-23 15:00:00+00:00,364.4495545036403
2022-02-23 16:00:00+00:00,279.24960140474843
2022-02-23 17:00:00+00:00,351.45430952306555
2022-02-23 18:00:00+00:00,341.4807141387386
2022-02-23 19:00:00+00:00,359.3540403514389
2022-02-23 20:00:00+00:00,343.47569660803896
2022-02-23 21:00:00+00:00,336.453026100961
2022-02-23 22:00:00+00:00,398.75864154695194
2022-02-23 23:00:00+00:00,314.2631441883446
2022-02-24 00:00:00+00:00,319.5273515788342
2022-02-24 01:00:00+00:00,349.17460925870154
2022-02-24 02:00:00+00:00,381.91360121392336
2022-02-24 03:00:00+00:00,376.07535340747523
2022-02-24 04:00:00+00:00,282.88360542727304
2022-02-24 05:00:00+00:00,332.5880382166211
2022-02-24 06:00:00+00:00,360.7094023388578
2022-02-24 07:00:00+00:00,282.7557389671265
2022-02-24 08:00:00+00:00,233.52998642809146
2022-02-24 09:00:00+00:00,248.0806892101167
2022-02-24 10:00:00+00:00,328.128381977047
2022-02-24 11:00:00+00:00,261.36703050582213
2022-02-24 12:00:00+00:00,289.337106489762
2022-02-24 13:00:00+00:00,334.77138176386353
2022-02-24 14:00:00+00:00,328.6817844522816
2022-02-24 15:00:00+00:00,354.57712686924526
2022-02-24 16:00:00+00:00,416.5283225480335
2022-02-24 17:00:00+00:00,382.68503783222184
2022-02-24 18:00:00+00:00,426.1300280593342
2022-02-24 19:00:00+00:00,418.1762418750252
2022-02-24 20:00:00+00:00,410.21613016563856
2022-02-24 21:00:00+00:00,404.99828965277976
2022-02-24 22:00:00+00:00,362.19403753748503
2022-02-24 23:00:00+00:00,344.09770549891044
2022-02-25 00:00:00+00:00,402.6904648489303
2022-02-25 01:00:00+00:00,370.07460799456527
2022-02-25 02:00:00+00:00,340.3422323923983
2022-02-25 03:00:00+00:00,303.9836466062857
2022-02-25 04:00:00+00:00,411.38049392597753
2022-02-25 05:00:00+00:00,467.8154485393072
2022-02-25 06:00:00+00:00,359.5753968081637
2022-02-25 07:00:00+00:00,458.42148065133256
2022-02-25 08:00:00+00:00,451.8740874391401
2022-02-25 09:00:00+00:00,448.0137628677491
2022-02-25 10:00:00+00:00,490.4684733001477
2022-02-25 11:00:00+00:00,396.6070746096228
2022-02-25 12:00:00+00:00,456.5436690838997
2022-02-25 13:00:00+00:00,483.34367374228367
2022-02-25 14:00:00+00:00,480.8741608316479
2022-02-25 15:00:00+00:00,458.18114715169
2022-02-25 16:00:00+00:00,394.65722289347707
2022-02-25 17:00:00+00:00,455.22393462630356
2022-02-25 18:00:00+00:00,464.7368856899454
2022-02-25 19:00:00+00:00,365.8855776249477
2022-02-25 20:00:00+00:00,363.4400952354438
2022-02-25 21:00:00+00:00,338.6185040986886
2022-02-25 22:00:00+00:00,406.9409366914019
2022-02-25 23:00:00+00:00,355.78055844664186
2022-02-26 00:00:00+00:00,442.54889106551764
2022-02-26 01:00:00+00:00,389.95628964928693
2022-02-26 02:00:00+00:00,446.2641296954373
2022-02-26 03:00:00+00:00,357.1737821694676
2022-02-26 04:00:00+00:00,436.1214266646909
2022-02-26 05:00:00+00:00,369.13923915339944
2022-02-26 06:00:00+00:00,467.7484603398584
2022-02-26 07:00:00+00:00,467.2390204550938
2022-02-26 08:00:00+00:00,453.6081244935262
2022-02-26 09:00:00+00:00,487.7041594446184
2022-02-26 10:00:00+00:00,433.28747474280055
2022-02-26 11:00:00+00:00,454.2086796786083
2022-02-26 12:00:00+00:00,408.7178021581759
2022-02-26 13:00:00+00:00,327.7806146111051
2022-02-26 14:00:00+00:00,422.0397036143597
2022-02-26 15:00:00+00:00,431.74508885405515
2022-02-26 16:00:00+00:00,445.35690854186146
2022-02-26 17:00:00+00:00,414.7930135094298
2022-02-26 18:00:00+00:00,307.5532324847909
2022-02-26 19:00:00+00:00,395.45974437901594
2022-02-26 20:00:00+00:00,374.2681757471122
2022-02-26 21:00:00+00:00,348.74047433853093
2022-02-26 22:00:00+00:00,420.93570381521874
2022-02-26 23:00:00+00:00,432.84017243631234
2022-02-27 00:00:00+00:00,412.8461980038303
2022-02-27 01:00:00+00:00,357.47229740390236
2022-02-27 02:00:00+00:00,221.91383082027562
2022-02-27 03:00:00+00:00,381.06806224435485
2022-02-27 04:00:00+00:00,401.9644597467031
2022-02-27 05:00:00+00:00,404.90593023829797
2022-02-27 06:00:00+00:00,400.1089272529279
2022-02-27 07:00:00+00:00,446.5387161014162
2022-02-27 08:00:00+00:00,420.3717138849701
2022-02-27 09:00:00+00:00,455.9307595683282
2022-02-27 10:00:00+00:00,372.10798586954996
2022-02-27 11:00:00+00:00,356.94855967011796
2022-02-27 12:00:00+00:00,452.89801640826147
2022-02-27 13:00:00+00:00,440.8117367254776
2022-02-27 14:00:00+00:00,488.1309305267207
2022-02-27 15:00:00+00:00,438.3374785474717
2022-02-27 16:00:00+00:00,432.0270575543204
2022-02-27 17:00:00+00:00,413.1865518043829
2022-02-27 18:00:00+00:00,393.11367128662
2022-02-27 19:00:00+00:00,382.47255148437347
2022-02-27 20:00:00+00:00,343.42410631112824
2022-02-27 21:00:00+00:00,373.35030961861617
2022-02-27 22:00:00+00:00,345.9856791522094
2022-02-27 23:00:00+00:00,386.3773063021314
2022-02-28 00:00:00+00:00,353.00563077985004
2022-02-28 01:00:00+00:00,416.419612917366
2022-02-28 02:00:00+00:00,446.15503126193687
2022-02-28 03:00:00+00:00,333.2819443248248
2022-02-28 04:00:00+00:00,472.6911925367704
2022-02-28 05:00:00+00:00,429.97907307443506
2022-02-28 06:00:00+00:00,470.1498719394129
2022-02-28 07:00:00+00:00,460.8983504165905
2022-02-28 08:00:00+00:00,393.1061222371681
2022-02-28 09:00:00+00:00,338.8624989083308
2022-02-28 10:00:00+00:00,414.86350532709844
2022-02-28 11:00:00+00:00,399.2796960633673
2022-02-28 12:00:00+00:00,396.5415158530535
2022-02-28 13:00:00+00:00,385.32054965676457
2022-02-28 14:00:00+00:00,362.7039423814298
2022-02-28 15:00:00+00:00,285.587481075061
2022-02-28 16:00:00+00:00,358.3617096236933
2022-02-28 17:00:00+00:00,374.4751366815666
2022-02-28 18:00:00+00:00,373.37212147597785
2022-02-28 19:00:00+00:00,347.16327917858183
2022-02-28 20:00:00+00:00,284.4039333369686
2022-02-28 21:00:00+00:00,415.13489653768204
2022-02-28 22:00:00+00:00,383.7797782266033
2022-02-28 23:00:00+00:00,442.0371780981329
2022-03-01 00:00:00+00:00,417.67777470608183
2022-03-01 01:00:00+00:00,400.53160610406377
2022-03-01 02:00:00+00:00,486.6984919227606
2022-03-01 03:00:00+00:00,391.4485120365531
2022-03-01 04:00:00+00:00,452.0588180765869
2022-03-01 05:00:00+00:00,437.7261380750991
2022-03-01 06:00:00+00:00,439.3242239848216
2022-03-01 07:00:00+00:00,437.8169236597127
2022-03-01 08:00:00+00:00,359.3593954547525
2022-03-01 09:00:00+00:00,422.0166578043287
2022-03-01 10:00:00+00:00,379.063447658764
2022-03-01 11:00:00+00:00,397.23569685131287
2022-03-01 12:00:00+00:00,304.5540737276994
2022-03-01 13:00:00+00:00,398.0881783229281
2022-03-01 14:00:00+00:00,402.6469007601809
2022-03-01 15:00:00+00:00,350.03847514234394
2022-03-01 16:00:00+00:00,402.2488449346373
2022-03-01 17:00:00+00:00,376.9186326070322
2022-03-01 18:00:00+00:00,368.4068847500058
2022-03-01 19:00:00+00:00,405.2951613860401
2022-03-01 20:00:00+00:00,311.46711797119326
2022-03-01 21:00:00+00:00,435.01029228378803
2022-03-01 22:00:00+00:00,394.92553864050296
2022-03-01 23:00:00+00:00,399.60753841232963
2022-03-02 00:00:00+00:00,503.9200102416329
2022-03-02 01:00:00+00:00,387.0057412775851
2022-03-02 02:00:00+00:00,449.7197985859959
2022-03-02 03:00:00+00:00,376.895414738077
2022-03-02 04:00:00+00:00,402.5557680300338
2022-03-02 05:00:00+00:00,337.0545663616503
2022-03-02 06:00:00+00:00,443.99471063659104
2022-03-02 07:00:00+00:00,270.58373856004783
2022-03-02 08:00:00+00:00,416.08038293603886
2022-03-02 09:00:00+00:00,269.2810074090224
2022-03-02 10:00:00+00:00,351.5914411621202
2022-03-02 11:00:00+00:00,438.35462612045916
2022-03-02 12:00:00+00:00,376.5238799916474
2022-03-02 13:00:00+00:00,396.9220473357361
2022-03-02 14:00:00+00:00,413.8392736585326
2022-03-02 15:00:00+00:00,349.8663876935925
2022-03-02 16:00:00+00:00,443.8443872433965
2022-03-02 17:00:00+00:00,437.2478623011369
2022-03-02 18:00:00+00:00,387.1647809796979
2022-03-02 19:00:00+00:00,445.2209549220759
2022-03-02 20:00:00+00:00,397.02145569716157
2022-03-02 21:00:00+00:00,405.19433465748637
2022-03-02 22:00:00+00:00,427.07588572377654
2022-03-02 23:00:00+00:00,416.60855304237504
2022-03-03 00:00:00+00:00,446.7305021830523
2022-03-03 01:00:00+00:00,478.99726853470054
2022-03-03 02:00:00+00:00,469.64165048279085
2022-03-03 03:00:00+00:00,439.5894973162391
2022-03-03 04:00:00+00:00,439.1196535865138
2022-03-03 05:00:00+00:00,352.10186822524963
2022-03-03 06:00:00+00:00,359.5780313315899
2022-03-03 07:00:00+00:00,433.7118978709317
2022-03-03 08:00:00+00:00,406.56318820053514
2022-03-03 09:00:00+00:00,349.1770745154343
2022-03-03 10:00:00+00:00,375.8641335941494
2022-03-03 11:00:00+00:00,420.90832019837677
2022-03-03 12:00:00+00:00,422.93752913003266
2022-03-03 13:00:00+00:00,445.34792622690634
2022-03-03 14:00:00+00:00,476.8868235804233
2022-03-03 15:00:00+00:00,315.43431730312653
2022-03-03 16:00:00+00:00,390.34080027663924
2022-03-03 17:00:00+00:00,405.80485385759255
2022-03-03 18:00:00+00:00,399.9084284011943
2022-03-03 19:00:00+00:00,422.0489157322743
2022-03-03 20:00:00+00:00,331.45739143998765
2022-03-03 21:00:00+00:00,346.6521030790774
2022-03-03 22:00:00+00:00,384.78466190308393
2022-03-03 23:00:00+00:00,392.92569579896843
2022-03-04 00:00:00+00:00,395.9909600819783
2022-03-04 01:00:00+00:00,386.0833276242701
2022-03-04 02:00:00+00:00,405.216667672689
2022-03-04 03:00:00+00:00,410.3350311817685
2022-03-04 04:00:00+00:00,374.76706385053603
2022-03-04 05:00:00+00:00,368.2381726096183
2022-03-04 06:00:00+00:00,394.05305242671056
2022-03-04 07:00:00+00:00,375.59596536394974
2022-03-04 08:00:00+00:00,355.689093277741
2022-03-04 09:00:00+00:00,407.68892976946563
2022-03-04 10:00:00+00:00,442.49489287948603
2022-03-04 11:00:00+00:00,330.9103071338365
2022-03-04 12:00:00+00:00,436.8407286579692
2022-03-04 13:00:00+00:00,392.7434592729287
2022-03-04 14:00:00+00:00,397.9349886805681
2022-03-04 15:00:00+00:00,399.9059144847338
2022-03-04 16:00:00+00:00,312.1714482139776
2022-03-04 17:00:00+00:00,446.20419723917684
2022-03-04 18:00:00+00:00,355.6424734652409
2022-03-04 19:00:00+00:00,427.37417560034936
2022-03-04 20:00:00+00:00,398.9778992830602
2022-03-04 21:00:00+00:00,432.94255319460143
2022-03-04 22:00:00+00:00,335.8125169706914
2022-03-04 23:00:00+00:00,375.5801024139925
2022-03-05 00:00:00+00:00,365.4891253069772
2022-03-05 01:00:00+00:00,425.11380907478355
2022-03-05 02:00:00+00:00,314.153055949532
2022-03-05 03:00:00+00:00,345.7578004839285
2022-03-05 04:00:00+00:00,302.22720401438403
2022-03-05 05:00:00+00:00,283.9384932219701
2022-03-05 06:00:00+00:00,265.03330590779706
2022-03-05 07:00:00+00:00,321.9132608943482
2022-03-05 08:00:00+00:00,333.57964910274546
2022-03-05 09:00:00+00:00,378.32467411558287
2022-03-05 10:00:00+00:00,282.3954376775347
2022-03-05 11:00:00+00:00,291.1984905241067
2022-03-05 12:00:00+00:00,371.2598076895755
2022-03-05 13:00:00+00:00,380.7498459169502
2022-03-05 14:00:00+00:00,279.8794835899381
2022-03-05 15:00:00+00:00,397.3974292483788
2022-03-05 16:00:00+00:00,379.6380137182651
2022-03-05 17:00:00+00:00,239.79142707277282
2022-03-05 18:00:00+00:00,347.46376980530846
2022-03-05 19:00:00+00:00,312.9710203608357
2022-03-05 20:00:00+00:00,238.98998963747263
2022-03-05 21:00:00+00:00,257.07304176490175
2022-03-05 22:00:00+00:00,412.2797815992137
2022-03-05 23:00:00+00:00,272.9365543931634
2022-03-06 00:00:00+00:00,347.78829574013395
2022-03-06 01:00:00+00:00,334.6857552855068
2022-03-06 02:00:00+00:00,322.1375866590244
2022-03-06 03:00:00+00:00,385.1654321702687
2022-03-06 04:00:00+00:00,365.1929253426157
2022-03-06 05:00:00+00:00,327.07035918567317
2022-03-06 06:00:00+00:00,315.5920061139521
2022-03-06 07:00:00+00:00,319.5316400096713
2022-03-06 08:00:00+00:00,243.62094337361614
2022-03-06 09:00:00+00:00,211.47212757626963
2022-03-06 10:00:00+00:00,246.12228908063173
2022-03-06 11:00:00+00:00,227.38615637664213
2022-03-06 12:00:00+00:00,351.76112832218433
2022-03-06 13:00:00+00:00,307.01991686370684
2022-03-06 14:00:00+00:00,384.3576288446744
2022-03-06 15:00:00+00:00,259.92954798757586
2022-03-06 16:00:00+00:00,258.9976256424347
2022-03-06 17:00:00+00:00,287.3168350681952
2022-03-06 18:00:00+00:00,250.27394395474334
2022-03-06 19:00:00+00:00,237.4738098429543
2022-03-06 20:00:00+00:00,352.24344731638007
2022-03-06 21:00:00+00:00,375.6230792574108
2022-03-06 22:00:00+00:00,350.00752019444667
2022-03-06 23:00:00+00:00,386.6929336560599
2022-03-07 00:00:00+00:00,293.0636159200202
2022-03-07 01:00:00+00:00,439.0175849844875
2022-03-07 02:00:00+00:00,343.92276376594594
2022-03-07 03:00:00+00:00,369.87290554357594
2022-03-07 04:00:00+00:00,349.3630110666677
2022-03-07 05:00:00+00:00,360.3828955033413
2022-03-07 06:00:00+00:00,310.1814259417619
2022-03-07 07:00:00+00:00,302.92686389994765
2022-03-07 08:00:00+00:00,312.73146241114785
2022-03-07 09:00:00+00:00,224.38447055863153
2022-03-07 10:00:00+00:00,290.0414643742202
2022-03-07 11:00:00+00:00,243.82895595768787
2022-03-07 12:00:00+00:00,209.8591288478039
2022-03-07 13:00:00+00:00,248.2505443157357
2022-03-07 14:00:00+00:00,316.37483515413084
2022-03-07 15:00:00+00:00,315.9562993951985
2022-03-07 16:00:00+00:00,353.17876277491894
2022-03-07 17:00:00+00:00,241.79301968123366
2022-03-07 18:00:00+00:00,418.8356099910209
2022-03-07 19:00:00+00:00,265.85257690481683
2022-03-07 20:00:00+00:00,349.95335693934766
2022-03-07 21:00:00+00:00,346.2019814955588
2022-03-07 22:00:00+00:00,252.89573640246726
2022-03-07 23:00:00+00:00,256.0664769318785
2022-03-08 00:00:00+00:00,367.28952187518433
2022-03-08 01:00:00+00:00,323.1997598365143
2022-03-08 02:00:00+00:00,262.8242303510257
2022-03-08 03:00:00+00:00,383.2640701732625
2022-03-08 04:00:00+00:00,297.31692845642345
2022-03-08 05:00:00+00:00,311.91581939858946
2022-03-08 06:00:00+00:00,330.88909778970395
2022-03-08 07:00:00+00:00,296.8368397147407
2022-03-08 08:00:00+00:00,265.42934663616853
2022-03-08 09:00:00+00:00,262.4330662277995
2022-03-08 10:00:00+00:00,282.87403240926574
2022-03-08 11:00:00+00:00,219.7108756434221
2022-03-08 12:00:00+00:00,294.19459628726804
2022-03-08 13:00:00+00:00,364.531567210822
2022-03-08 14:00:00+00:00,382.944428905715
2022-03-08 15:00:00+00:00,351.7490989938948
2022-03-08 16:00:00+00:00,379.9337052388309
2022-03-08 17:00:00+00:00,350.41370290821845
2022-03-08 18:00:00+00:00,279.9977901107823
2022-03-08 19:00:00+00:00,353.07255355265266
2022-03-08 20:00:00+00:00,307.7282725920584
2022-03-08 21:00:00+00:00,340.0742541280281
2022-03-08 22:00:00+00:00,343.7295056273968
2022-03-08 23:00:00+00:00,341.2847248494959
2022-03-09 00:00:00+00:00,403.9395705006208
2022-03-09 01:00:00+00:00,437.46235029256894
2022-03-09 02:00:00+00:00,368.2288725421513
2022-03-09 03:00:00+00:00,393.8026757219222
2022-03-09 04:00:00+00:00,416.15478865299605
2022-03-09 05:00:00+00:00,359.2035196913604
2022-03-09 06:00:00+00:00,418.1710698233107
2022-03-09 07:00:00+00:00,345.7580205255244
2022-03-09 08:00:00+00:00,341.14180362377124
2022-03-09 09:00:00+00:00,438.7076237252365
2022-03-09 10:00:00+00:00,413.5040572228658
2022-03-09 11:00:00+00:00,378.9606433672657
2022-03-09 12:00:00+00:00,409.4878908974228
2022-03-09 13:00:00+00:00,357.3433338029534
2022-03-09 14:00:00+00:00,383.81509361751057
2022-03-09 15:00:00+00:00,455.8987356501312
2022-03-09 16:00:00+00:00,419.9255599245
2022-03-09 17:00:00+00:00,382.45036218982546
2022-03-09 18:00:00+00:00,357.32115587874324
2022-03-09 19:00:00+00:00,382.57398017957576
2022-03-09 20:00:00+00:00,382.9158842651626
2022-03-09 21:00:00+00:00,375.2008693890352
2022-03-09 22:00:00+00:00,388.6862436018834
2022-03-09 23:00:00+00:00,392.45383256539685
2022-03-10 00:00:00+00:00,417.8129479081101
2022-03-10 01:00:00+00:00,455.46038379591494
2022-03-10 02:00:00+00:00,376.002182846346
2022-03-10 03:00:00+00:00,395.87264554755643
2022-03-10 04:00:00+00:00,393.8006098671338
2022-03-10 05:00:00+00:00,338.8158456903459
2022-03-10 06:00:00+00:00,407.6013624841849
2022-03-10 07:00:00+00:00,349.6200585779374
2022-03-10 08:00:00+00:00,357.2572852601131
2022-03-10 09:00:00+00:00,436.0408365603899
2022-03-10 10:00:00+00:00,303.86709219504206
2022-03-10 11:00:00+00:00,424.86925758167376
2022-03-10 12:00:00+00:00,356.81960659156573
2022-03-10 13:00:00+00:00,270.74863242716947
2022-03-10 14:00:00+00:00,429.2657208068244
2022-03-10 15:00:00+00:00,302.58421103524574
2022-03-10 16:00:00+00:00,325.5273997003442
2022-03-10 17:00:00+00:00,301.80469162167213
2022-03-10 18:00:00+00:00,379.9596710139044
2022-03-10 19:00:00+00:00,229.83565904443728
2022-03-10 20:00:00+00:00,407.1331390322662
2022-03-10 21:00:00+00:00,297.92223897706015
2022-03-10 22:00:00+00:00,366.1675457664784
2022-03-10 23:00:00+00:00,362.7385769220347
2022-03-11 00:00:00+00:00,316.87615277421673
2022-03-11 01:00:00+00:00,273.47273987074664
2022-03-11 02:00:00+00:00,291.9115762086057
2022-03-11 03:00:00+00:00,352.15143576538486
2022-03-11 04:00:00+00:00,392.21501148610946
2022-03-11 05:00:00+00:00,335.8957263103631
2022-03-11 06:00:00+00:00,282.6235557627265
2022-03-11 07:00:00+00:00,255.3717880850006
2022-03-11 08:00:00+00:00,401.3512809986406
2022-03-11 09:00:00+00:00,327.08147232984794
2022-03-11 10:00:00+00:00,291.64969937147833
2022-03-11 11:00:00+00:00,306.42121009390416
2022-03-11 12:00:00+00:00,312.0288110422544
2022-03-11 13:00:00+00:00,292.15954892337766
2022-03-11 14:00:00+00:00,329.55297974720037
2022-03-11 15:00:00+00:00,318.0980879806043
2022-03-11 16:00:00+00:00,347.2226779176898
2022-03-11 17:00:00+00:00,364.47737220465416
2022-03-11 18:00:00+00:00,382.56249985968316
2022-03-11 19:00:00+00:00,407.37311181361565
2022-03-11 20:00:00+00:00,319.5221402257835
2022-03-11 21:00:00+00:00,327.8199425565626
2022-03-11 22:00:00+00:00,382.88081384116543
2022-03-11 23:00:00+00:00,353.4433219278171
2022-03-12 00:00:00+00:00,358.9928433791001
2022-03-12 01:00:00+00:00,306.67564359530445
2022-03-12 02:00:00+00:00,328.46511140489224
2022-03-12 03:00:00+00:00,369.33656055613693
2022-03-12 04:00:00+00:00,283.34864274564933
2022-03-12 05:00:00+00:00,305.4732349262705
2022-03-12 06:00:00+00:00,363.5162541872859
2022-03-12 07:00:00+00:00,265.1480403192643
2022-03-12 08:00:00+00:00,229.10073756424595
2022-03-12 09:00:00+00:00,345.9084232393996
2022-03-12 10:00:00+00:00,286.3398136169217
2022-03-12 11:00:00+00:00,267.9485383382946
2022-03-12 12:00:00+00:00,218.75113826893642
2022-03-12 13:00:00+00:00,399.91213544748274
2022-03-12 14:00:00+00:00,361.07556299649593
2022-03-12 15:00:00+00:00,340.2377582069765
2022-03-12 16:00:00+00:00,346.0904776561892
2022-03-12 17:00:00+00:00,280.7341537361413
2022-03-12 18:00:00+00:00,334.1840257142222
2022-03-12 19:00:00+00:00,362.7981241791003
2022-03-12 20:00:00+00:00,391.7619912462973
2022-03-12 21:00:00+00:00,383.3433563397716
2022-03-12 22:00:00+00:00,361.96020311938315
2022-03-12 23:00:00+00:00,349.6602143048554
2022-03-13 00:00:00+00:00,398.1512603297619
2022-03-13 01:00:00+00:00,349.8172889549705
2022-03-13 02:00:00+00:00,374.3541546476927
2022-03-13 03:00:00+00:00,353.45989053002944
2022-03-13 04:00:00+00:00,359.10903121269655
2022-03-13 05:00:00+00:00,464.75811465949124
2022-03-13 06:00:00+00:00,361.6020492393197
2022-03-13 07:00:00+00:00,362.7402470472032
2022-03-13 08:00:00+00:00,454.5574523912439
2022-03-13 09:00:00+00:00,343.9920860005437
2022-03-13 10:00:00+00:00,359.95335856114735
2022-03-13 11:00:00+00:00,391.1788379358899
2022-03-13 12:00:00+00:00,348.9815373848193
2022-03-13 13:00:00+00:00,369.61266310274357
2022-03-13 14:00:00+00:00,384.3585470965968
2022-03-13 15:00:00+00:00,319.55256333889326
2022-03-13 16:00:00+00:00,295.99821522194975
2022-03-13 17:00:00+00:00,396.6021509795606
2022-03-13 18:00:00+00:00,296.02650282347855
2022-03-13 19:00:00+00:00,346.68797242561897
2022-03-13 20:00:00+00:00,441.99225326779896
2022-03-13 21:00:00+00:00,251.50738081980072
2022-03-13 22:00:00+00:00,264.47570258764785
2022-03-13 23:00:00+00:00,226.7512450053971
2022-03-14 00:00:00+00:00,255.49911838971812
2022-03-14 01:00:00+00:00,358.2168888907201
2022-03-14 02:00:00+00:00,343.0267012247537
2022-03-14 03:00:00+00:00,263.34647814051795
2022-03-14 04:00:00+00:00,292.98159955453116
2022-03-14 05:00:00+00:00,303.8134083116774
2022-03-14 06:00:00+00:00,359.8083664809186
2022-03-14 07:00:00+00:00,352.1350921501341
2022-03-14 08:00:00+00:00,335.1048015260728
2022-03-14 09:00:00+00:00,345.69532677052587
2022-03-14 10:00:00+00:00,285.3118968379618
2022-03-14 11:00:00+00:00,325.91179279205437
2022-03-14 12:00:00+00:00,283.05901975665154
2022-03-14 13:00:00+00:00,437.2056769458245
2022-03-14 14:00:00+00:00,281.4674818984998
2022-03-14 15:00:00+00:00,285.82782185121863
2022-03-14 16:00:00+00:00,277.3552489943831
2022-03-14 17:00:00+00:00,390.85456107004813
2022-03-14 18:00:00+00:00,331.72902977099955
2022-03-14 19:00:00+00:00,287.6888252681786
2022-03-14 20:00:00+00:00,297.8277090334662
2022-03-14 21:00:00+00:00,332.28173000976534
2022-03-14 22:00:00+00:00,357.72862047411513
2022-03-14 23:00:00+00:00,347.61469623028404
2022-03-15 00:00:00+00:00,233.70239996368738
2022-03-15 01:00:00+00:00,245.0192393671273
2022-03-15 02:00:00+00:00,320.81369208479276
2022-03-15 03:00:00+00:00,255.2786364832125
2022-03-15 04:00:00+00:00,339.85327958291555
2022-03-15 05:00:00+00:00,249.97934899450104
2022-03-15 06:00:00+00:00,297.25409542515996
2022-03-15 07:00:00+00:00,368.04976535086934
2022-03-15 08:00:00+00:00,338.203793737411
2022-03-15 09:00:00+00:00,183.17042301466356
2022-03-15 10:00:00+00:00,254.66006543640407
2022-03-15 11:00:00+00:00,250.18393817854496
2022-03-15 12:00:00+00:00,290.0502553914679
2022-03-15 13:00:00+00:00,270.85684253014324
2022-03-15 14:00:00+00:00,344.4614365444147
2022-03-15 15:00:00+00:00,379.504648983126
2022-03-15 16:00:00+00:00,325.45802629497183
2022-03-15 17:00:00+00:00,331.0221930284612
2022-03-15 18:00:00+00:00,305.37360938245996
2022-03-15 19:00:00+00:00,244.1082421292383
2022-03-15 20:00:00+00:00,319.9037259156753
2022-03-15 21:00:00+00:00,351.8038766150516
2022-03-15 22:00:00+00:00,259.5194215126344
2022-03-15 23:00:00+00:00,390.27765459119536
2022-03-16 00:00:00+00:00,291.64814258114643
2022-03-16 01:00:00+00:00,264.5124564032116
2022-03-16 02:00:00+00:00,294.16312781983305
2022-03-16 03:00:00+00:00,356.7260014268314
2022-03-16 04:00:00+00:00,249.49042030274813
2022-03-16 05:00:00+00:00,291.6942776684442
2022-03-16 06:00:00+00:00,306.0150657511352
2022-03-16 07:00:00+00:00,417.24556297731516
2022-03-16 08:00:00+00:00,271.99505922625644
2022-03-16 09:00:00+00:00,343.0150884903561
2022-03-16 10:00:00+00:00,261.9411937716965
2022-03-16 11:00:00+00:00,322.5866560964427
2022-03-16 12:00:00+00:00,341.9245433630319
2022-03-16 13:00:00+00:00,384.71426299960444
2022-03-16 14:00:00+00:00,376.8198956969792
2022-03-16 15:00:00+00:00,338.01780062420164
2022-03-16 16:00:00+00:00,346.71699078995266
2022-03-16 17:00:00+00:00,290.71330907824154
2022-03-16 18:00:00+00:00,431.29396073328695
2022-03-16 19:00:00+00:00,425.2094020892113
2022-03-16 20:00:00+00:00,341.4094779078469
2022-03-16 21:00:00+00:00,388.6380655835788
2022-03-16 22:00:00+00:00,461.70014432701277
2022-03-16 23:00:00+00:00,324.0697196674212
2022-03-17 00:00:00+00:00,285.7361209784582
2022-03-17 01:00:00+00:00,469.639863139164
2022-03-17 02:00:00+00:00,408.5190291301457
2022-03-17 03:00:00+00:00,390.6186763144711
2022-03-17 04:00:00+00:00,368.4502110067921
2022-03-17 05:00:00+00:00,327.1071082824154
2022-03-17 06:00:00+00:00,317.94439917421903
2022-03-17 07:00:00+00:00,406.8446320759091
2022-03-17 08:00:00+00:00,316.7836140877254
2022-03-17 09:00:00+00:00,405.7347050944955
2022-03-17 10:00:00+00:00,338.78000305450155
2022-03-17 11:00:00+00:00,316.8613598570236
2022-03-17 12:00:00+00:00,291.56809892069344
2022-03-17 13:00:00+00:00,229.33972638259897
2022-03-17 14:00:00+00:00,308.6506478144138
2022-03-17 15:00:00+00:00,338.89133969589534
2022-03-17 16:00:00+00:00,250.1831973562293
2022-03-17 17:00:00+00:00,335.6491746144979
2022-03-17 18:00:00+00:00,423.6368866646195
2022-03-17 19:00:00+00:00,318.23339804513563
2022-03-17 20:00:00+00:00,346.63936775417824
2022-03-17 21:00:00+00:00,293.1474523534632
2022-03-17 22:00:00+00:00,200.49698599819803
2022-03-17 23:00:00+00:00,266.5336401499547
2022-03-18 00:00:00+00:00,320.78990830136496
2022-03-18 01:00:00+00:00,325.7238233395867
2022-03-18 02:00:00+00:00,401.0650657557615
2022-03-18 03:00:00+00:00,244.984800370393
2022-03-18 04:00:00+00:00,283.07924864092587
2022-03-18 05:00:00+00:00,329.76108419384457
2022-03-18 06:00:00+00:00,317.91879467595885
2022-03-18 07:00:00+00:00,262.52922637586516
2022-03-18 08:00:00+00:00,262.9043913274287
2022-03-18 09:00:00+00:00,196.69603380515818
2022-03-18 10:00:00+00:00,248.75496371212938
2022-03-18 11:00:00+00:00,365.0210199208455
2022-03-18 12:00:00+00:00,209.95806784386343
2022-03-18 13:00:00+00:00,269.27494496955785
2022-03-18 14:00:00+00:00,242.4854166595328
2022-03-18 15:00:00+00:00,243.46283201430916
2022-03-18 16:00:00+00:00,329.76108419384457
2022-03-18 17:00:00+00:00,390.8790324305459
2022-03-18 18:00:00+00:00,233.8358155384947
2022-03-18 19:00:00+00:00,201.55769339913329
2022-03-18 20:00:00+00:00,297.3415322832755
2022-03-18 21:00:00+00:00,264.85789654428214
2022-03-18 22:00:00+00:00,362.459699141439
2022-03-18 23:00:00+00:00,386.30935165980213
2022-03-19 00:00:00+00:00,391.6188131228074
2022-03-19 01:00:00+00:00,247.8618353934248
2022-03-19 02:00:00+00:00,356.6445793900613
2022-03-19 03:00:00+00:00,319.3774727351823
2022-03-19 04:00:00+00:00,430.841089827811
2022-03-19 05:00:00+00:00,331.5794904569727
2022-03-19 06:00:00+00:00,270.7325005970848
2022-03-19 07:00:00+00:00,365.3106195809501
2022-03-19 08:00:00+00:00,365.0621685519655
2022-03-19 09:00:00+00:00,295.2931525266686
2022-03-19 10:00:00+00:00,297.04567056144873
2022-03-19 11:00:00+00:00,248.28441273000433
2022-03-19 12:00:00+00:00,228.8587533315963
2022-03-19 13:00:00+00:00,343.8836655708814
2022-03-19 14:00:00+00:00,324.2585334442697
2022-03-19 15:00:00+00:00,350.998776754589
2022-03-19 16:00:00+00:00,208.76175758571603
2022-03-19 17:00:00+00:00,214.06087638395442
2022-03-19 18:00:00+00:00,246.12280785594567
2022-03-19 19:00:00+00:00,243.79549716222397
2022-03-19 20:00:00+00:00,322.1540555195543
2022-03-19 21:00:00+00:00,310.1814259417619
2022-03-19 22:00:00+00:00,380.7690713992358
2022-03-19 23:00:00+00:00,299.41305881752714
2022-03-20 00:00:00+00:00,384.9894363971215
2022-03-20 01:00:00+00:00,430.3823309173673
2022-03-20 02:00:00+00:00,409.4621699757816
2022-03-20 03:00:00+00:00,457.3315939178463
2022-03-20 04:00:00+00:00,434.2269426365014
2022-03-20 05:00:00+00:00,428.0500422229139
2022-03-20 06:00:00+00:00,471.74347757809824
2022-03-20 07:00:00+00:00,440.4927231403701
2022-03-20 08:00:00+00:00,435.770882043638
2022-03-20 09:00:00+00:00,379.3910032361335
2022-03-20 10:00:00+00:00,420.4442053541841
2022-03-20 11:00:00+00:00,361.33408785372666
2022-03-20 12:00:00+00:00,376.0763996766989
2022-03-20 13:00:00+00:00,361.7072955444441
2022-03-20 14:00:00+00:00,323.88139857057797
2022-03-20 15:00:00+00:00,276.3426355388796
2022-03-20 16:00:00+00:00,287.36231745991347
2022-03-20 17:00:00+00:00,320.22596701077066
2022-03-20 18:00:00+00:00,337.3264457927108
2022-03-20 19:00:00+00:00,342.8622025425652
2022-03-20 20:00:00+00:00,356.0441604541618
2022-03-20 21:00:00+00:00,244.25504239191216
2022-03-20 22:00:00+00:00,314.02107995883125
2022-03-20 23:00:00+00:00,333.4042858616175
2022-03-21 00:00:00+00:00,330.23951482625836
2022-03-21 01:00:00+00:00,372.30627843251574
2022-03-21 02:00:00+00:00,404.18046294969974
2022-03-21 03:00:00+00:00,420.3044421815128
2022-03-21 04:00:00+00:00,351.6021669741143
2022-03-21 05:00:00+00:00,310.68068041760785
2022-03-21 06:00:00+00:00,250.75827999986734
2022-03-21 07:00:00+00:00,247.22753567664714
2022-03-21 08:00:00+00:00,293.39782970960346
2022-03-21 09:00:00+00:00,302.8023498292963
2022-03-21 10:00:00+00:00,239.48863706749046
2022-03-21 11:00:00+00:00,256.4026288760707
2022-03-21 12:00:00+00:00,232.14260559603434
2022-03-21 13:00:00+00:00,300.2367828537594
2022-03-21 14:00:00+00:00,272.4937681635998
2022-03-21 15:00:00+00:00,366.6060765097117
2022-03-21 16:00:00+00:00,285.6801292306825
2022-03-21 17:00:00+00:00,249.86057522400594
2022-03-21 18:00:00+00:00,238.95658617514414
2022-03-21 19:00:00+00:00,245.0215436085314
2022-03-21 20:00:00+00:00,233.907914207087
2022-03-21 21:00:00+00:00,292.66061159846527
2022-03-21 22:00:00+00:00,222.07560948094076
2022-03-21 23:00:00+00:00,356.02979548680236
2022-03-22 00:00:00+00:00,225.33688303109085
2022-03-22 01:00:00+00:00,261.4629732554494
2022-03-22 02:00:00+00:00,304.81032718481674
2022-03-22 03:00:00+00:00,247.0883153012238
2022-03-22 04:00:00+00:00,291.34969849294464
2022-03-22 05:00:00+00:00,238.38264400138553
2022-03-22 06:00:00+00:00,244.81492581666524
2022-03-22 07:00:00+00:00,318.2803657482502
2022-03-22 08:00:00+00:00,320.492623250134
2022-03-22 09:00:00+00:00,261.22944128976997
2022-03-22 10:00:00+00:00,352.7346368947481
2022-03-22 11:00:00+00:00,223.80764263599843
2022-03-22 12:00:00+00:00,310.7186503837924
2022-03-22 13:00:00+00:00,241.88629381081077
2022-03-22 14:00:00+00:00,283.62182100236936
2022-03-22 15:00:00+00:00,273.4303433636514
2022-03-22 16:00:00+00:00,254.4205401657207
2022-03-22 17:00:00+00:00,380.95543656555765
2022-03-22 18:00:00+00:00,280.2123784340036
2022-03-22 19:00:00+00:00,361.1022363069744
2022-03-22 20:00:00+00:00,376.2780990658954
2022-03-22 21:00:00+00:00,237.41925093269668
2022-03-22 22:00:00+00:00,324.58902759098174
2022-03-22 23:00:00+00:00,326.19902287269014
2022-03-23 00:00:00+00:00,249.25268421158296
2022-03-23 01:00:00+00:00,258.41940806533245
2022-03-23 02:00:00+00:00,301.2421748765959
2022-03-23 03:00:00+00:00,331.057683936187
2022-03-23 04:00:00+00:00,341.3972792856434
2022-03-23 05:00:00+00:00,325.6205904683053
2022-03-23 06:00:00+00:00,369.34107906025093
2022-03-23 07:00:00+00:00,324.9308773975872
2022-03-23 08:00:00+00:00,328.86899128910244
2022-03-23 09:00:00+00:00,261.61418928795024
2022-03-23 10:00:00+00:00,211.68466489481685
2022-03-23 11:00:00+00:00,292.6365368764934
2022-03-23 12:00:00+00:00,290.0909829163256
2022-03-23 13:00:00+00:00,343.5380887216118
2022-03-23 14:00:00+00:00,324.5563266311887
2022-03-23 15:00:00+00:00,246.51196231186447
2022-03-23 16:00:00+00:00,277.67916989520666
2022-03-23 17:00:00+00:00,352.7532286505933
2022-03-23 18:00:00+00:00,207.7363698931841
2022-03-23 19:00:00+00:00,307.54827800586685
2022-03-23 20:00:00+00:00,228.8364960278916
2022-03-23 21:00:00+00:00,280.577220601955
2022-03-23 22:00:00+00:00,195.45492567218187
2022-03-23 23:00:00+00:00,365.05590708826196
2022-03-24 00:00:00+00:00,273.9582237094972
2022-03-24 01:00:00+00:00,211.08918570888633
2022-03-24 02:00:00+00:00,313.86287096439605
2022-03-24 03:00:00+00:00,266.19709820598257
2022-03-24 04:00:00+00:00,328.36023752097213
2022-03-24 05:00:00+00:00,323.6247342586046
2022-03-24 06:00:00+00:00,336.02481169499225
2022-03-24 07:00:00+00:00,312.3868253176306
2022-03-24 08:00:00+00:00,283.28652223147895
2022-03-24 09:00:00+00:00,243.31033333808836
2022-03-24 10:00:00+00:00,293.91952651554817
2022-03-24 11:00:00+00:00,286.9926061282916
2022-03-24 12:00:00+00:00,407.6304288515135
2022-03-24 13:00:00+00:00,341.6987926016228
2022-03-24 14:00:00+00:00,358.0450126592909
2022-03-24 15:00:00+00:00,347.2194934187648
2022-03-24 16:00:00+00:00,257.49064184987185
2022-03-24 17:00:00+00:00,347.6285412892067
2022-03-24 18:00:00+00:00,298.94238464326276
2022-03-24 19:00:00+00:00,280.18129572418815
2022-03-24 20:00:00+00:00,245.03169533055896
2022-03-24 21:00:00+00:00,313.17524746346237
2022-03-24 22:00:00+00:00,199.38363603299277
2022-03-24 23:00:00+00:00,244.11368661087207
2022-03-25 00:00:00+00:00,262.88067612310596
2022-03-25 01:00:00+00:00,330.139274739257
2022-03-25 02:00:00+00:00,398.47749484240956
2022-03-25 03:00:00+00:00,369.95858352866503
2022-03-25 04:00:00+00:00,455.2072047321197
2022-03-25 05:00:00+00:00,407.42979286168617
2022-03-25 06:00:00+00:00,409.1695137556542
2022-03-25 07:00:00+00:00,452.6069199586749
2022-03-25 08:00:00+00:00,409.8432676954895
2022-03-25 09:00:00+00:00,374.80254103928553
2022-03-25 10:00:00+00:00,417.82472811752547
2022-03-25 11:00:00+00:00,356.7057897872805
2022-03-25 12:00:00+00:00,356.7057897872805
2022-03-25 13:00:00+00:00,382.6032156040906
2022-03-25 14:00:00+00:00,288.5926171849165
2022-03-25 15:00:00+00:00,324.196067821597
2022-03-25 16:00:00+00:00,428.657806178212
2022-03-25 17:00:00+00:00,430.4335612886537
2022-03-25 18:00:00+00:00,212.32493921097733
2022-03-25 19:00:00+00:00,230.54900943633226
2022-03-25 20:00:00+00:00,231.6021948631039
2022-03-25 21:00:00+00:00,269.27494496955785
2022-03-25 22:00:00+00:00,267.9485383382946
2022-03-25 23:00:00+00:00,265.1647606090494
2022-03-26 00:00:00+00:00,364.8737833734003
2022-03-26 01:00:00+00:00,333.5296304898913
2022-03-26 02:00:00+00:00,332.23161807406785
2022-03-26 03:00:00+00:00,391.5605194920373
2022-03-26 04:00:00+00:00,388.5014688052338
2022-03-26 05:00:00+00:00,294.8034481173676
2022-03-26 06:00:00+00:00,388.3281594166978
2022-03-26 07:00:00+00:00,443.1325931088875
2022-03-26 08:00:00+00:00,360.254883712077
2022-03-26 09:00:00+00:00,363.72095286393403
2022-03-26 10:00:00+00:00,394.5690966504231
2022-03-26 11:00:00+00:00,316.98597520219136
2022-03-26 12:00:00+00:00,426.42631452550006
2022-03-26 13:00:00+00:00,422.01783164468804
2022-03-26 14:00:00+00:00,372.39990929312
2022-03-26 15:00:00+00:00,357.93197596793425
2022-03-26 16:00:00+00:00,400.765695559414
2022-03-26 17:00:00+00:00,325.681119292733
2022-03-26 18:00:00+00:00,431.6791872451127
2022-03-26 19:00:00+00:00,385.81140548612115
2022-03-26 20:00:00+00:00,323.26631003060277
2022-03-26 21:00:00+00:00,338.0014072287805
2022-03-26 22:00:00+00:00,331.7822101406281
2022-03-26 23:00:00+00:00,314.46761068052706
2022-03-27 00:00:00+00:00,339.96513249042226
2022-03-27 01:00:00+00:00,344.04167440092647
2022-03-27 02:00:00+00:00,401.9348993177637
2022-03-27 03:00:00+00:00,393.79858792269
2022-03-27 04:00:00+00:00,311.20883853959884
2022-03-27 05:00:00+00:00,369.91915079072476
2022-03-27 06:00:00+00:00,223.09006386776844
2022-03-27 07:00:00+00:00,327.683942898332
2022-03-27 08:00:00+00:00,363.4657451042958
2022-03-27 09:00:00+00:00,317.570756121321
2022-03-27 10:00:00+00:00,308.5394543304577
2022-03-27 11:00:00+00:00,295.45860075347224
2022-03-27 12:00:00+00:00,359.5014086532824
2022-03-27 13:00:00+00:00,415.694672059402
2022-03-27 14:00:00+00:00,351.7323063559028
2022-03-27 15:00:00+00:00,344.92606659128865
2022-03-27 16:00:00+00:00,432.63670070242625
2022-03-27 17:00:00+00:00,312.86241390986294
2022-03-27 18:00:00+00:00,434.57909595765796
2022-03-27 19:00:00+00:00,328.68826682269867
2022-03-27 20:00:00+00:00,477.7230119302141
2022-03-27 21:00:00+00:00,421.0326319827356
2022-03-27 22:00:00+00:00,353.1179194951955
2022-03-27 23:00:00+00:00,431.7971975853432
2022-03-28 00:00:00+00:00,375.0800069328592
2022-03-28 01:00:00+00:00,441.7979072155148
2022-03-28 02:00:00+00:00,310.8872483395874
2022-03-28 03:00:00+00:00,376.8455889490428
2022-03-28 04:00:00+00:00,257.3440609412159
2022-03-28 05:00:00+00:00,343.2539204879666
2022-03-28 06:00:00+00:00,262.4230091740594
2022-03-28 07:00:00+00:00,335.5211915011622
2022-03-28 08:00:00+00:00,333.1894072263012
2022-03-28 09:00:00+00:00,323.00751742970084
2022-03-28 10:00:00+00:00,360.4640113978175
2022-03-28 11:00:00+00:00,346.67637444337845
2022-03-28 12:00:00+00:00,258.5344068946796
2022-03-28 13:00:00+00:00,288.35651519658876
2022-03-28 14:00:00+00:00,209.46274372887504
2022-03-28 15:00:00+00:00,224.38447055863153
2022-03-28 16:00:00+00:00,283.28652223147895
2022-03-28 17:00:00+00:00,254.8069169217989
2022-03-28 18:00:00+00:00,262.3601879489379
2022-03-28 19:00:00+00:00,257.17890265270904
2022-03-28 20:00:00+00:00,361.1384431474185
2022-03-28 21:00:00+00:00,349.0530751349354
2022-03-28 22:00:00+00:00,244.06924054580932
2022-03-28 23:00:00+00:00,397.7879895229496
2022-03-29 00:00:00+00:00,297.77194471388685
2022-03-29 01:00:00+00:00,379.7254885737011
2022-03-29 02:00:00+00:00,351.84063629349254
2022-03-29 03:00:00+00:00,288.88383300735734
2022-03-29 04:00:00+00:00,321.9926127379155
2022-03-29 05:00:00+00:00,233.1513379213002
2022-03-29 06:00:00+00:00,295.289965767089
2022-03-29 07:00:00+00:00,253.39096909576776
2022-03-29 08:00:00+00:00,252.11277891217003
2022-03-29 09:00:00+00:00,279.9624623988543
2022-03-29 10:00:00+00:00,243.46283201430916
2022-03-29 11:00:00+00:00,346.6015962135746
2022-03-29 12:00:00+00:00,369.587990568811
2022-03-29 13:00:00+00:00,411.8530147619183
2022-03-29 14:00:00+00:00,244.82781840347855
2022-03-29 15:00:00+00:00,288.41944628866275
2022-03-29 16:00:00+00:00,347.67261977389717
2022-03-29 17:00:00+00:00,244.763556782435
2022-03-29 18:00:00+00:00,273.6544150861752
2022-03-29 19:00:00+00:00,333.9139177241795
2022-03-29 20:00:00+00:00,416.62210279082933
2022-03-29 21:00:00+00:00,412.7983856650244
2022-03-29 22:00:00+00:00,387.63025128656335
2022-03-29 23:00:00+00:00,307.851532400685
2022-03-30 00:00:00+00:00,330.3709594316814
2022-03-30 01:00:00+00:00,364.9817639244161
2022-03-30 02:00:00+00:00,338.0004383926465
2022-03-30 03:00:00+00:00,390.0144736484532
2022-03-30 04:00:00+00:00,337.1995160130444
2022-03-30 05:00:00+00:00,268.0086359852705
2022-03-30 06:00:00+00:00,350.5876895486111
2022-03-30 07:00:00+00:00,191.7792649790718
2022-03-30 08:00:00+00:00,245.41470688227764
2022-03-30 09:00:00+00:00,360.4640113978175
2022-03-30 10:00:00+00:00,245.0215436085314
2022-03-30 11:00:00+00:00,239.75044256978666
2022-03-30 12:00:00+00:00,292.6662288164366
2022-03-30 13:00:00+00:00,383.35094919633036
2022-03-30 14:00:00+00:00,263.93919390285254
2022-03-30 15:00:00+00:00,359.8211314896342
2022-03-30 16:00:00+00:00,269.95707353908443
2022-03-30 17:00:00+00:00,264.80355882206356
2022-03-30 18:00:00+00:00,328.48275465085766
2022-03-30 19:00:00+00:00,254.95920979104287
2022-03-30 20:00:00+00:00,351.093145889481
2022-03-30 21:00:00+00:00,244.763556782435
2022-03-30 22:00:00+00:00,364.2718290128062
2022-03-30 23:00:00+00:00,280.38026403455893
2022-03-31 00:00:00+00:00,350.87822134090516
2022-03-31 01:00:00+00:00,377.05565952736487
2022-03-31 02:00:00+00:00,301.779900488394
2022-03-31 03:00:00+00:00,274.86600269795895
2022-03-31 04:00:00+00:00,340.1366855469777
2022-03-31 05:00:00+00:00,278.70225919043924
2022-03-31 06:00:00+00:00,336.17679229668147
2022-03-31 07:00:00+00:00,297.8531706056308
2022-03-31 08:00:00+00:00,356.1946024478502
2022-03-31 09:00:00+00:00,334.2447805389006
2022-03-31 10:00:00+00:00,254.87674825394205
2022-03-31 11:00:00+00:00,269.3035420628788
2022-03-31 12:00:00+00:00,347.096655145974
2022-03-31 13:00:00+00:00,401.749513592877
2022-03-31 14:00:00+00:00,383.35094919633036
2022-03-31 15:00:00+00:00,318.39250144849524
2022-03-31 16:00:00+00:00,237.18965974163584
2022-03-31 17:00:00+00:00,207.6201554995627
2022-03-31 18:00:00+00:00,183.17042301466356
2022-03-31 19:00:00+00:00,292.28455375401666
2022-03-31 20:00:00+00:00,330.91987319320305
2022-03-31 21:00:00+00:00,275.0222186644547
2022-03-31 22:00:00+00:00,363.9928939716941
2022-03-31 23:00:00+00:00,335.847033094741
2022-04-01 00:00:00+00:00,351.943776540617
2022-04-01 01:00:00+00:00,375.18146581303955
2022-04-01 02:00:00+00:00,413.46591565751817
2022-04-01 03:00:00+00:00,414.3155975434397
2022-04-01 04:00:00+00:00,429.75151769462127
2022-04-01 05:00:00+00:00,399.53928736628876
2022-04-01 06:00:00+00:00,361.44153927641497
2022-04-01 07:00:00+00:00,382.85237748451
2022-04-01 08:00:00+00:00,410.9259618205502
2022-04-01 09:00:00+00:00,348.7731843040836
2022-04-01 10:00:00+00:00,357.58301132978113
2022-04-01 11:00:00+00:00,346.1966836069046
2022-04-01 12:00:00+00:00,397.58055928239287
2022-04-01 13:00:00+00:00,319.0717218899524
2022-04-01 14:00:00+00:00,371.959904561203
2022-04-01 15:00:00+00:00,362.8600454088901
2022-04-01 16:00:00+00:00,315.0300382606503
2022-04-01 17:00:00+00:00,398.3501945666997
2022-04-01 18:00:00+00:00,388.8674293662021
2022-04-01 19:00:00+00:00,311.9831495063381
2022-04-01 20:00:00+00:00,364.0308452677494
2022-04-01 21:00:00+00:00,458.98896813127106
2022-04-01 22:00:00+00:00,358.41876533252855
2022-04-01 23:00:00+00:00,377.5680360606488
2022-04-02 00:00:00+00:00,376.77862852852013
2022-04-02 01:00:00+00:00,426.8447859563897
2022-04-02 02:00:00+00:00,398.43084906086085
2022-04-02 03:00:00+00:00,469.93716402748305
2022-04-02 04:00:00+00:00,411.04807349763485
2022-04-02 05:00:00+00:00,413.4669762623293
2022-04-02 06:00:00+00:00,327.54781380115395
2022-04-02 07:00:00+00:00,230.66754170302056
2022-04-02 08:00:00+00:00,372.6459855009256
2022-04-02 09:00:00+00:00,293.70502459598566
2022-04-02 10:00:00+00:00,265.9371736498276
2022-04-02 11:00:00+00:00,383.56178728812404
2022-04-02 12:00:00+00:00,256.8238299896255
2022-04-02 13:00:00+00:00,399.02568838553293
2022-04-02 14:00:00+00:00,295.0479735053004
2022-04-02 15:00:00+00:00,375.8801889708592
2022-04-02 16:00:00+00:00,354.30317530020517
2022-04-02 17:00:00+00:00,366.12113182980096
2022-04-02 18:00:00+00:00,283.6459040332935
2022-04-02 19:00:00+00:00,312.1340134507049
2022-04-02 20:00:00+00:00,391.6094581403865
2022-04-02 21:00:00+00:00,268.262977170192
2022-04-02 22:00:00+00:00,363.176469006184
2022-04-02 23:00:00+00:00,246.17688449006482
2022-04-03 00:00:00+00:00,274.3009264739502
2022-04-03 01:00:00+00:00,251.6252726485712
2022-04-03 02:00:00+00:00,357.08928087538715
2022-04-03 03:00:00+00:00,316.6711210202719
2022-04-03 04:00:00+00:00,391.6648542295729
2022-04-03 05:00:00+00:00,356.36591347991066
2022-04-03 06:00:00+00:00,324.4512017363881
2022-04-03 07:00:00+00:00,305.0873906133041
2022-04-03 08:00:00+00:00,393.99700859437496
2022-04-03 09:00:00+00:00,434.47847953558954
2022-04-03 10:00:00+00:00,278.581403833379
2022-04-03 11:00:00+00:00,399.652512370036
2022-04-03 12:00:00+00:00,436.71791759673135
2022-04-03 13:00:00+00:00,456.40634335833147
2022-04-03 14:00:00+00:00,412.2263264253884
2022-04-03 15:00:00+00:00,382.44423201108106
2022-04-03 16:00:00+00:00,361.24804429443947
2022-04-03 17:00:00+00:00,384.7545291660351
2022-04-03 18:00:00+00:00,326.9506748514129
2022-04-03 19:00:00+00:00,345.5117158741908
2022-04-03 20:00:00+00:00,345.4664450977499
2022-04-03 21:00:00+00:00,237.35071694043708
2022-04-03 22:00:00+00:00,384.511440380549
2022-04-03 23:00:00+00:00,268.96523902054645
2022-04-04 00:00:00+00:00,343.8434224229985
2022-04-04 01:00:00+00:00,383.1943701395919
2022-04-04 02:00:00+00:00,385.20062838403203
2022-04-04 03:00:00+00:00,354.792853623898
2022-04-04 04:00:00+00:00,325.29681228729936
2022-04-04 05:00:00+00:00,353.0970685766819
2022-04-04 06:00:00+00:00,326.6215184658236
2022-04-04 07:00:00+00:00,220.18283897627666
2022-04-04 08:00:00+00:00,210.36421650240828
2022-04-04 09:00:00+00:00,181.39660973621145
2022-04-04 10:00:00+00:00,287.34591993908714
2022-04-04 11:00:00+00:00,312.7930107982265
2022-04-04 12:00:00+00:00,319.0297146194947
2022-04-04 13:00:00+00:00,253.26357088314398
2022-04-04 14:00:00+00:00,297.7617813022457
2022-04-04 15:00:00+00:00,291.0577072214214
2022-04-04 16:00:00+00:00,275.3415358340791
2022-04-04 17:00:00+00:00,397.0269682893382
2022-04-04 18:00:00+00:00,263.6191769884981
2022-04-04 19:00:00+00:00,421.15696934150066
2022-04-04 20:00:00+00:00,345.9453419658571
2022-04-04 21:00:00+00:00,321.7582948098887
2022-04-04 22:00:00+00:00,303.62244358909504
2022-04-04 23:00:00+00:00,254.26196961994097
2022-04-05 00:00:00+00:00,312.5168685902838
2022-04-05 01:00:00+00:00,278.0053036254923
2022-04-05 02:00:00+00:00,268.2124631073434
2022-04-05 03:00:00+00:00,337.3264457927108
2022-04-05 04:00:00+00:00,350.37880944776964
2022-04-05 05:00:00+00:00,281.19591656547317
2022-04-05 06:00:00+00:00,246.3658374686203
2022-04-05 07:00:00+00:00,307.54827800586685
2022-04-05 08:00:00+00:00,200.49698599819803
2022-04-05 09:00:00+00:00,337.8800591960151
2022-04-05 10:00:00+00:00,363.8824084587961
2022-04-05 11:00:00+00:00,290.94098383335313
2022-04-05 12:00:00+00:00,335.83884333113895
2022-04-05 13:00:00+00:00,315.2885020442713
2022-04-05 14:00:00+00:00,357.30388357705846
2022-04-05 15:00:00+00:00,412.59849963954713
2022-04-05 16:00:00+00:00,342.66900357311175
2022-04-05 17:00:00+00:00,394.6610686536401
2022-04-05 18:00:00+00:00,365.7274187535893
2022-04-05 19:00:00+00:00,436.95035775586206
2022-04-05 20:00:00+00:00,349.61281785502786
2022-04-05 21:00:00+00:00,334.20117867960573
2022-04-05 22:00:00+00:00,359.6630925221472
2022-04-05 23:00:00+00:00,389.41124227650147
2022-04-06 00:00:00+00:00,363.3323035523076
2022-04-06 01:00:00+00:00,340.0569464621662
2022-04-06 02:00:00+00:00,370.80673584116545
2022-04-06 03:00:00+00:00,378.38374306407997
2022-04-06 04:00:00+00:00,400.3061472477282
2022-04-06 05:00:00+00:00,388.17289671186313
2022-04-06 06:00:00+00:00,406.0270671035327
2022-04-06 07:00:00+00:00,349.1884207481964
2022-04-06 08:00:00+00:00,286.9680306692075
2022-04-06 09:00:00+00:00,392.17035989562544
2022-04-06 10:00:00+00:00,400.38169369655844
2022-04-06 11:00:00+00:00,342.4312158817241
2022-04-06 12:00:00+00:00,350.07722245783606
2022-04-06 13:00:00+00:00,338.9391494425641
2022-04-06 14:00:00+00:00,336.12663959510354
2022-04-06 15:00:00+00:00,372.4828685748946
2022-04-06 16:00:00+00:00,225.03247610885958
2022-04-06 17:00:00+00:00,331.9725200602481
2022-04-06 18:00:00+00:00,318.6292714828582
2022-04-06 19:00:00+00:00,304.4716546164267
2022-04-06 20:00:00+00:00,485.3031898777588
2022-04-06 21:00:00+00:00,334.24081677619915
2022-04-06 22:00:00+00:00,357.03787587527506
2022-04-06 23:00:00+00:00,304.25597743612946
2022-04-07 00:00:00+00:00,357.2055412070929
2022-04-07 01:00:00+00:00,343.9892609937869
2022-04-07 02:00:00+00:00,416.64399011062864
2022-04-07 03:00:00+00:00,408.82202845563245
2022-04-07 04:00:00+00:00,380.80680750879804
2022-04-07 05:00:00+00:00,241.86686679434223
2022-04-07 06:00:00+00:00,288.2490729287261
2022-04-07 07:00:00+00:00,272.2448821865385
2022-04-07 08:00:00+00:00,304.7706363522859
2022-04-07 09:00:00+00:00,271.5632125938144
2022-04-07 10:00:00+00:00,221.89192413566184
2022-04-07 11:00:00+00:00,233.21538494686766
2022-04-07 12:00:00+00:00,260.2663454378281
2022-04-07 13:00:00+00:00,369.70162230027114
2022-04-07 14:00:00+00:00,282.1053300428164
2022-04-07 15:00:00+00:00,266.08424331713405
2022-04-07 16:00:00+00:00,241.28492188550496
2022-04-07 17:00:00+00:00,334.8143334897251
2022-04-07 18:00:00+00:00,273.8605156887009
2022-04-07 19:00:00+00:00,261.3289140960241
2022-04-07 20:00:00+00:00,272.9245210678092
2022-04-07 21:00:00+00:00,271.90366598274005
2022-04-07 22:00:00+00:00,296.0398117274524
2022-04-07 23:00:00+00:00,319.62589577243904
2022-04-08 00:00:00+00:00,409.25900185019594
2022-04-08 01:00:00+00:00,351.40894395607404
2022-04-08 02:00:00+00:00,358.38532332010493
2022-04-08 03:00:00+00:00,353.16631686394993
2022-04-08 04:00:00+00:00,270.31470603651275
2022-04-08 05:00:00+00:00,380.95520372353576
2022-04-08 06:00:00+00:00,398.9888433920846
2022-04-08 07:00:00+00:00,287.9164120258548
2022-04-08 08:00:00+00:00,206.98918272451814
2022-04-08 09:00:00+00:00,300.6422863958482
2022-04-08 10:00:00+00:00,243.8871061565347
2022-04-08 11:00:00+00:00,312.46138031645825
2022-04-08 12:00:00+00:00,335.6250496559303
2022-04-08 13:00:00+00:00,397.06321281147115
2022-04-08 14:00:00+00:00,302.5755539517467
2022-04-08 15:00:00+00:00,303.409287703896
2022-04-08 16:00:00+00:00,297.6067357695831
2022-04-08 17:00:00+00:00,350.68921237190466
2022-04-08 18:00:00+00:00,222.07560948094076
2022-04-08 19:00:00+00:00,265.68365340047245
2022-04-08 20:00:00+00:00,287.5276575923621
2022-04-08 21:00:00+00:00,245.0708336801062
2022-04-08 22:00:00+00:00,327.3368313305475
2022-04-08 23:00:00+00:00,289.69280544579874
2022-04-09 00:00:00+00:00,374.7250847729471
2022-04-09 01:00:00+00:00,340.9906884147072
2022-04-09 02:00:00+00:00,382.98510997118336
2022-04-09 03:00:00+00:00,331.04744659519855
2022-04-09 04:00:00+00:00,379.0043635498409
2022-04-09 05:00:00+00:00,424.5812636648693
2022-04-09 06:00:00+00:00,433.53213953207654
2022-04-09 07:00:00+00:00,320.63820417317686
2022-04-09 08:00:00+00:00,323.6700629755137
2022-04-09 09:00:00+00:00,338.2386798089971
2022-04-09 10:00:00+00:00,446.3454582455826
2022-04-09 11:00:00+00:00,350.1839915993703
2022-04-09 12:00:00+00:00,384.74001851432627
2022-04-09 13:00:00+00:00,272.653713839634
2022-04-09 14:00:00+00:00,354.9877688620572
2022-04-09 15:00:00+00:00,317.7497001333745
2022-04-09 16:00:00+00:00,291.0227319276585
2022-04-09 17:00:00+00:00,331.65980104986164
2022-04-09 18:00:00+00:00,273.07887385986356
2022-04-09 19:00:00+00:00,298.43962168840847
2022-04-09 20:00:00+00:00,329.8159025314811
2022-04-09 21:00:00+00:00,342.8920092924468
2022-04-09 22:00:00+00:00,271.39398013882504
2022-04-09 23:00:00+00:00,343.9149805662129
2022-04-10 00:00:00+00:00,377.619252653231
2022-04-10 01:00:00+00:00,401.53145593520225
2022-04-10 02:00:00+00:00,426.6915799877912
2022-04-10 03:00:00+00:00,359.1562439309473
2022-04-10 04:00:00+00:00,397.2734109390755
2022-04-10 05:00:00+00:00,333.8410862188076
2022-04-10 06:00:00+00:00,394.2907141480454
2022-04-10 07:00:00+00:00,348.9075358781356
2022-04-10 08:00:00+00:00,333.5753467426677
2022-04-10 09:00:00+00:00,350.50536817554274
2022-04-10 10:00:00+00:00,283.28652223147895
2022-04-10 11:00:00+00:00,219.98118595038883
2022-04-10 12:00:00+00:00,288.35723849929786
2022-04-10 13:00:00+00:00,310.6389963556254
2022-04-10 14:00:00+00:00,200.30930349492078
2022-04-10 15:00:00+00:00,234.30054213518096
2022-04-10 16:00:00+00:00,347.61469623028404
2022-04-10 17:00:00+00:00,346.69825249696436
2022-04-10 18:00:00+00:00,331.1567049954539
2022-04-10 19:00:00+00:00,316.7735621186357
2022-04-10 20:00:00+00:00,297.182029012207
2022-04-10 21:00:00+00:00,227.02214145879503
2022-04-10 22:00:00+00:00,233.5374074722681
2022-04-10 23:00:00+00:00,306.90533123977644
2022-04-11 00:00:00+00:00,269.3109339217898
2022-04-11 01:00:00+00:00,281.1206238899089
2022-04-11 02:00:00+00:00,343.4076055080006
2022-04-11 03:00:00+00:00,279.9424927846984
2022-04-11 04:00:00+00:00,250.0542870061999
2022-04-11 05:00:00+00:00,208.68558594346095
2022-04-11 06:00:00+00:00,237.34700066382186
2022-04-11 07:00:00+00:00,357.63089503285744
2022-04-11 08:00:00+00:00,357.63089503285744
2022-04-11 09:00:00+00:00,357.63089503285744
2022-04-11 10:00:00+00:00,357.63089503285744
2022-04-11 11:00:00+00:00,357.63089503285744
2022-04-11 12:00:00+00:00,357.63089503285744
2022-04-11 13:00:00+00:00,357.63089503285744
2022-04-11 14:00:00+00:00,357.63089503285744
2022-04-11 15:00:00+00:00,237.66444557324454
2022-04-11 16:00:00+00:00,287.61827772631545
2022-04-11 17:00:00+00:00,292.6662288164366
2022-04-11 18:00:00+00:00,327.69963847205304
2022-04-11 19:00:00+00:00,317.01972231941187
2022-04-11 20:00:00+00:00,308.7177375948857
2022-04-11 21:00:00+00:00,355.21553561983876
2022-04-11 22:00:00+00:00,353.8354649563622
2022-04-11 23:00:00+00:00,348.27473774588805
2022-04-12 00:00:00+00:00,392.25043495364264
2022-04-12 01:00:00+00:00,294.4379495402402
2022-04-12 02:00:00+00:00,345.5196154151289
2022-04-12 03:00:00+00:00,318.1551227955546
2022-04-12 04:00:00+00:00,286.02783937034167
2022-04-12 05:00:00+00:00,323.6484879323141
2022-04-12 06:00:00+00:00,323.94792156897256
2022-04-12 07:00:00+00:00,298.9096430179665
2022-04-12 08:00:00+00:00,312.4314489697092
2022-04-12 09:00:00+00:00,225.82927817051393
2022-04-12 10:00:00+00:00,279.51887171525544
2022-04-12 11:00:00+00:00,269.2678434008127
2022-04-12 12:00:00+00:00,431.13928840303777
2022-04-12 13:00:00+00:00,407.7895929017811
2022-04-12 14:00:00+00:00,371.0055770224499
2022-04-12 15:00:00+00:00,352.37739199888
2022-04-12 16:00:00+00:00,394.4439404176106
2022-04-12 17:00:00+00:00,328.9997132787777
2022-04-12 18:00:00+00:00,385.9243888999165
2022-04-12 19:00:00+00:00,378.7830425580893
2022-04-12 20:00:00+00:00,317.4896736578199
2022-04-12 21:00:00+00:00,336.09454011000236
2022-04-12 22:00:00+00:00,342.37029205674
2022-04-12 23:00:00+00:00,303.6548684638015
2022-04-13 00:00:00+00:00,321.278441340445
2022-04-13 01:00:00+00:00,304.3827323469987
2022-04-13 02:00:00+00:00,394.5597424001593
2022-04-13 03:00:00+00:00,345.86051886291733
2022-04-13 04:00:00+00:00,355.35606250093736
2022-04-13 05:00:00+00:00,260.82452860485176
2022-04-13 06:00:00+00:00,351.20696053736856
2022-04-13 07:00:00+00:00,375.3947347576745
2022-04-13 08:00:00+00:00,433.48046255162154
2022-04-13 09:00:00+00:00,388.5389269724492
2022-04-13 10:00:00+00:00,310.39160709783573
2022-04-13 11:00:00+00:00,285.094139605826
2022-04-13 12:00:00+00:00,420.4341439879918
2022-04-13 13:00:00+00:00,324.0363265850689
2022-04-13 14:00:00+00:00,388.4124965268094
2022-04-13 15:00:00+00:00,296.21873537204675
2022-04-13 16:00:00+00:00,278.0952713276524
2022-04-13 17:00:00+00:00,346.18100155601843
2022-04-13 18:00:00+00:00,301.1832370917839
2022-04-13 19:00:00+00:00,301.80469162167213
2022-04-13 20:00:00+00:00,328.1982031692311
2022-04-13 21:00:00+00:00,318.74415718595225
2022-04-13 22:00:00+00:00,319.19846241214015
2022-04-13 23:00:00+00:00,285.35555521834226
2022-04-14 00:00:00+00:00,413.1599427689458
2022-04-14 01:00:00+00:00,315.815182527001
2022-04-14 02:00:00+00:00,278.7758371454295
2022-04-14 03:00:00+00:00,292.61789408208404
2022-04-14 04:00:00+00:00,259.01300743966556
2022-04-14 05:00:00+00:00,293.040065060205
2022-04-14 06:00:00+00:00,348.86858715898876
2022-04-14 07:00:00+00:00,405.39236252545163
2022-04-14 08:00:00+00:00,260.1173063324962
2022-04-14 09:00:00+00:00,263.6191769884981
2022-04-14 10:00:00+00:00,283.6453885077403
2022-04-14 11:00:00+00:00,224.75038451544037
2022-04-14 12:00:00+00:00,368.55822353017396
2022-04-14 13:00:00+00:00,305.44449472133
2022-04-14 14:00:00+00:00,333.5858317862191
2022-04-14 15:00:00+00:00,273.47273987074664
2022-04-14 16:00:00+00:00,390.5056092110879
2022-04-14 17:00:00+00:00,400.6420222311659
2022-04-14 18:00:00+00:00,311.4970040370261
2022-04-14 19:00:00+00:00,326.33217068106694
2022-04-14 20:00:00+00:00,339.31725289325794
2022-04-14 21:00:00+00:00,317.8121973050147
2022-04-14 22:00:00+00:00,333.9951695479454
2022-04-14 23:00:00+00:00,242.43816005561897
2022-04-15 00:00:00+00:00,363.2229104889601
2022-04-15 01:00:00+00:00,360.5077212677233
2022-04-15 02:00:00+00:00,442.358741668949
2022-04-15 03:00:00+00:00,380.20591718517164
2022-04-15 04:00:00+00:00,399.1534842769459
2022-04-15 05:00:00+00:00,459.0195023666842
2022-04-15 06:00:00+00:00,379.05637339547513
2022-04-15 07:00:00+00:00,372.18095473110117
2022-04-15 08:00:00+00:00,386.72979534315226
2022-04-15 09:00:00+00:00,386.0064725747912
2022-04-15 10:00:00+00:00,404.7951247941931
2022-04-15 11:00:00+00:00,303.07690269456293
2022-04-15 12:00:00+00:00,349.16374309752223
2022-04-15 13:00:00+00:00,394.88215779133765
2022-04-15 14:00:00+00:00,452.7196156130052
2022-04-15 15:00:00+00:00,407.4844819655019
2022-04-15 16:00:00+00:00,236.7876728546147
2022-04-15 17:00:00+00:00,309.50510972796764
2022-04-15 18:00:00+00:00,309.170356856904
2022-04-15 19:00:00+00:00,227.6764677354841
2022-04-15 20:00:00+00:00,262.58891364072247
2022-04-15 21:00:00+00:00,322.5589325021116
2022-04-15 22:00:00+00:00,380.58491404499205
2022-04-15 23:00:00+00:00,298.4501803007888
2022-04-16 00:00:00+00:00,321.17005605657295
2022-04-16 01:00:00+00:00,297.95423720769367
2022-04-16 02:00:00+00:00,379.6646272646934
2022-04-16 03:00:00+00:00,329.17042156016987
2022-04-16 04:00:00+00:00,371.9248216876362
2022-04-16 05:00:00+00:00,314.7008551134491
2022-04-16 06:00:00+00:00,317.4126333685292
2022-04-16 07:00:00+00:00,267.74463812952246
2022-04-16 08:00:00+00:00,357.15139476057084
2022-04-16 09:00:00+00:00,248.8902890196741
2022-04-16 10:00:00+00:00,294.8879032754326
2022-04-16 11:00:00+00:00,229.93967067197738
2022-04-16 12:00:00+00:00,294.93853734534804
2022-04-16 13:00:00+00:00,255.37321371759566
2022-04-16 14:00:00+00:00,322.7818756354511
2022-04-16 15:00:00+00:00,381.0974497392789
2022-04-16 16:00:00+00:00,348.44108298434713
2022-04-16 17:00:00+00:00,353.8915814364382
2022-04-16 18:00:00+00:00,375.31469087921124
2022-04-16 19:00:00+00:00,354.55792132348597
2022-04-16 20:00:00+00:00,300.7312535590213
2022-04-16 21:00:00+00:00,367.4410785680825
2022-04-16 22:00:00+00:00,343.6772871790859
2022-04-16 23:00:00+00:00,329.32015624421194
2022-04-17 00:00:00+00:00,402.6941215261449
2022-04-17 01:00:00+00:00,289.39535576600025
2022-04-17 02:00:00+00:00,417.4894487103281
2022-04-17 03:00:00+00:00,362.41817157239
2022-04-17 04:00:00+00:00,412.15998765510864
2022-04-17 05:00:00+00:00,423.6820515495653
2022-04-17 06:00:00+00:00,400.07231355485686
2022-04-17 07:00:00+00:00,282.3435294597958
2022-04-17 08:00:00+00:00,400.0602557206185
2022-04-17 09:00:00+00:00,269.59253022370996
2022-04-17 10:00:00+00:00,368.8149844961204
2022-04-17 11:00:00+00:00,332.5342163635038
2022-04-17 12:00:00+00:00,288.9502236987434
2022-04-17 13:00:00+00:00,366.81163655938514
2022-04-17 14:00:00+00:00,354.4128368325578
2022-04-17 15:00:00+00:00,378.6797918144229
2022-04-17 16:00:00+00:00,367.1190404845924
2022-04-17 17:00:00+00:00,254.48213942010355
2022-04-17 18:00:00+00:00,300.7875053965047
2022-04-17 19:00:00+00:00,307.06492948204726
2022-04-17 20:00:00+00:00,364.62602455496943
2022-04-17 21:00:00+00:00,366.99107978895796
2022-04-17 22:00:00+00:00,284.19701665359713
2022-04-17 23:00:00+00:00,333.63276434403673
2022-04-18 00:00:00+00:00,414.4774040265142
2022-04-18 01:00:00+00:00,373.771018484152
2022-04-18 02:00:00+00:00,440.7292112957337
2022-04-18 03:00:00+00:00,420.9286903707861
2022-04-18 04:00:00+00:00,312.17209745595443
2022-04-18 05:00:00+00:00,356.0908802736018
2022-04-18 06:00:00+00:00,363.5377734869092
2022-04-18 07:00:00+00:00,315.1286262623891
2022-04-18 08:00:00+00:00,387.85270730325306
2022-04-18 09:00:00+00:00,420.5574971948407
2022-04-18 10:00:00+00:00,418.54530224454555
2022-04-18 11:00:00+00:00,433.41348690923314
2022-04-18 12:00:00+00:00,362.8839618436097
2022-04-18 13:00:00+00:00,393.1884345816649
2022-04-18 14:00:00+00:00,418.9189498075848
2022-04-18 15:00:00+00:00,457.1577249288918
2022-04-18 16:00:00+00:00,351.5914411621202
2022-04-18 17:00:00+00:00,438.36841702194675
2022-04-18 18:00:00+00:00,331.0094567676514
2022-04-18 19:00:00+00:00,399.2016147457762
2022-04-18 20:00:00+00:00,391.8500620787416
2022-04-18 21:00:00+00:00,385.08514572145964
2022-04-18 22:00:00+00:00,392.7081279760049
2022-04-18 23:00:00+00:00,409.4416547168274
2022-04-19 00:00:00+00:00,398.7981936648428
2022-04-19 01:00:00+00:00,432.6944627476847
2022-04-19 02:00:00+00:00,363.7646064392487
2022-04-19 03:00:00+00:00,429.09846938641056
2022-04-19 04:00:00+00:00,417.9058999311833
2022-04-19 05:00:00+00:00,428.906461306412
2022-04-19 06:00:00+00:00,314.3214057619481
2022-04-19 07:00:00+00:00,377.7052535172774
2022-04-19 08:00:00+00:00,389.3013431210773
2022-04-19 09:00:00+00:00,365.8147105975793
2022-04-19 10:00:00+00:00,412.9974335968598
2022-04-19 11:00:00+00:00,351.71210181488084
2022-04-19 12:00:00+00:00,405.19925029854534
2022-04-19 13:00:00+00:00,336.1793587980658
2022-04-19 14:00:00+00:00,430.9782414670986
2022-04-19 15:00:00+00:00,273.18700706242856
2022-04-19 16:00:00+00:00,381.1063440251255
2022-04-19 17:00:00+00:00,395.54633422980805
2022-04-19 18:00:00+00:00,412.64202945849866
2022-04-19 19:00:00+00:00,382.1980207017512
2022-04-19 20:00:00+00:00,377.60195566368134
2022-04-19 21:00:00+00:00,330.51081702960204
2022-04-19 22:00:00+00:00,423.9406273141927
2022-04-19 23:00:00+00:00,336.8867109066669
2022-04-20 00:00:00+00:00,329.6260051568694
2022-04-20 01:00:00+00:00,307.67773246317216
2022-04-20 02:00:00+00:00,358.26282246763424
2022-04-20 03:00:00+00:00,405.2533069728829
2022-04-20 04:00:00+00:00,265.185687602884
2022-04-20 05:00:00+00:00,335.6037358676303
2022-04-20 06:00:00+00:00,408.4446305145642
2022-04-20 07:00:00+00:00,340.6917808220928
2022-04-20 08:00:00+00:00,276.9796116979538
2022-04-20 09:00:00+00:00,302.05471496664103
2022-04-20 10:00:00+00:00,371.0446228231322
2022-04-20 11:00:00+00:00,326.2374540668435
2022-04-20 12:00:00+00:00,384.0067482332257
2022-04-20 13:00:00+00:00,327.5983399237459
2022-04-20 14:00:00+00:00,340.4526394633665
2022-04-20 15:00:00+00:00,273.6154444073229
2022-04-20 16:00:00+00:00,376.5249684320399
2022-04-20 17:00:00+00:00,313.9254707992875
2022-04-20 18:00:00+00:00,371.4085094948259
2022-04-20 19:00:00+00:00,273.3412691390379
2022-04-20 20:00:00+00:00,383.1952820407141
2022-04-20 21:00:00+00:00,348.34051504277926
2022-04-20 22:00:00+00:00,408.28073985782504
2022-04-20 23:00:00+00:00,299.35377714343497
2022-04-21 00:00:00+00:00,227.23931174464224
2022-04-21 01:00:00+00:00,337.51085646388856
2022-04-21 02:00:00+00:00,313.4681845023078
2022-04-21 03:00:00+00:00,356.43883245479515
2022-04-21 04:00:00+00:00,327.2687301228553
2022-04-21 05:00:00+00:00,329.001773828669
2022-04-21 06:00:00+00:00,250.055979839995
2022-04-21 07:00:00+00:00,229.5781729988226
2022-04-21 08:00:00+00:00,341.83754137336234
2022-04-21 09:00:00+00:00,243.5711390770562
2022-04-21 10:00:00+00:00,216.75225871797758
2022-04-21 11:00:00+00:00,329.41656383313443
2022-04-21 12:00:00+00:00,327.2786164952517
2022-04-21 13:00:00+00:00,369.12828597192987
2022-04-21 14:00:00+00:00,291.3172869546161
2022-04-21 15:00:00+00:00,342.9523354245367
2022-04-21 16:00:00+00:00,260.1734345628707
2022-04-21 17:00:00+00:00,313.4681845023078
2022-04-21 18:00:00+00:00,320.53024694585247
2022-04-21 19:00:00+00:00,292.99865251212464
2022-04-21 20:00:00+00:00,355.71078331624585
2022-04-21 21:00:00+00:00,344.2171491778746
2022-04-21 22:00:00+00:00,415.50547835274944
2022-04-21 23:00:00+00:00,426.77519048803237
2022-04-22 00:00:00+00:00,343.96730802577457
2022-04-22 01:00:00+00:00,340.5329673295397
2022-04-22 02:00:00+00:00,430.89730508356473
2022-04-22 03:00:00+00:00,395.3073911585392
2022-04-22 04:00:00+00:00,476.4283086315127
2022-04-22 05:00:00+00:00,266.21289954623063
2022-04-22 06:00:00+00:00,370.0974530794308
2022-04-22 07:00:00+00:00,374.6792132416361
2022-04-22 08:00:00+00:00,234.24004475898894
2022-04-22 09:00:00+00:00,322.66511376577694
2022-04-22 10:00:00+00:00,276.48281036482183
2022-04-22 11:00:00+00:00,244.5199057105135
2022-04-22 12:00:00+00:00,285.4594718087997
2022-04-22 13:00:00+00:00,260.60899493048714
2022-04-22 14:00:00+00:00,377.2753652074181
2022-04-22 15:00:00+00:00,324.1751929722049
2022-04-22 16:00:00+00:00,352.46949881604013
2022-04-22 17:00:00+00:00,293.0636159200202
2022-04-22 18:00:00+00:00,444.7399267175031
2022-04-22 19:00:00+00:00,343.2683607264109
2022-04-22 20:00:00+00:00,289.7804647982188
2022-04-22 21:00:00+00:00,273.906666886671
2022-04-22 22:00:00+00:00,265.1047631628713
2022-04-22 23:00:00+00:00,407.13637067058914
2022-04-23 00:00:00+00:00,367.5945158140004
2022-04-23 01:00:00+00:00,359.03897971791895
2022-04-23 02:00:00+00:00,350.22624968826983
2022-04-23 03:00:00+00:00,309.23549182757574
2022-04-23 04:00:00+00:00,305.8777395786541
2022-04-23 05:00:00+00:00,356.75018920556795
2022-04-23 06:00:00+00:00,286.52739137438533
2022-04-23 07:00:00+00:00,279.23445960930445
2022-04-23 08:00:00+00:00,263.15922122821905
2022-04-23 09:00:00+00:00,239.6126344166147
2022-04-23 10:00:00+00:00,293.2827324420333
2022-04-23 11:00:00+00:00,302.44981835585855
2022-04-23 12:00:00+00:00,365.5793817053512
2022-04-23 13:00:00+00:00,387.9154334014927
2022-04-23 14:00:00+00:00,322.4998126149663
2022-04-23 15:00:00+00:00,379.7611093563231
2022-04-23 16:00:00+00:00,364.5995117569266
2022-04-23 17:00:00+00:00,226.02872796361194
2022-04-23 18:00:00+00:00,260.23890539293205
2022-04-23 19:00:00+00:00,377.01337050843887
2022-04-23 20:00:00+00:00,346.9963233356579
2022-04-23 21:00:00+00:00,364.12199890655575
2022-04-23 22:00:00+00:00,404.02377311004426
2022-04-23 23:00:00+00:00,323.0624748078612
2022-04-24 00:00:00+00:00,265.2950756431152
2022-04-24 01:00:00+00:00,275.2325380036967
2022-04-24 02:00:00+00:00,299.82585496706105
2022-04-24 03:00:00+00:00,348.87496021942246
2022-04-24 04:00:00+00:00,268.55644820254537
2022-04-24 05:00:00+00:00,330.781441322032
2022-04-24 06:00:00+00:00,298.12116668039937
2022-04-24 07:00:00+00:00,295.69698817571873
2022-04-24 08:00:00+00:00,262.01867619163943
2022-04-24 09:00:00+00:00,236.95998690296835
2022-04-24 10:00:00+00:00,289.2770188297297
2022-04-24 11:00:00+00:00,261.8390500407433
2022-04-24 12:00:00+00:00,234.14002547433776
2022-04-24 13:00:00+00:00,252.2045320374859
2022-04-24 14:00:00+00:00,238.42714551445343
2022-04-24 15:00:00+00:00,427.62387106345193
2022-04-24 16:00:00+00:00,325.8291160877459
2022-04-24 17:00:00+00:00,230.0783324235087
2022-04-24 18:00:00+00:00,337.4156798196659
2022-04-24 19:00:00+00:00,352.69485483715505
2022-04-24 20:00:00+00:00,311.887645152138
2022-04-24 21:00:00+00:00,235.503967967636
2022-04-24 22:00:00+00:00,254.81740416526657
2022-04-24 23:00:00+00:00,349.779615614154
2022-04-25 00:00:00+00:00,399.03287424927214
2022-04-25 01:00:00+00:00,326.1283353561808
2022-04-25 02:00:00+00:00,307.15142417992564
2022-04-25 03:00:00+00:00,405.041196427938
2022-04-25 04:00:00+00:00,248.10191839445204
2022-04-25 05:00:00+00:00,408.20858989357896
2022-04-25 06:00:00+00:00,267.40323676320367
2022-04-25 07:00:00+00:00,371.51873694879583
2022-04-25 08:00:00+00:00,393.4353560255199
2022-04-25 09:00:00+00:00,302.5596535518668
2022-04-25 10:00:00+00:00,347.3969907482423
2022-04-25 11:00:00+00:00,341.1278405448738
2022-04-25 12:00:00+00:00,325.0936597201606
2022-04-25 13:00:00+00:00,302.76178944652844
2022-04-25 14:00:00+00:00,323.8386822903421
2022-04-25 15:00:00+00:00,271.3660246854374
2022-04-25 16:00:00+00:00,255.73472831333694
2022-04-25 17:00:00+00:00,268.7323027991855
2022-04-25 18:00:00+00:00,386.97493939486645
2022-04-25 19:00:00+00:00,326.2374540668435
2022-04-25 20:00:00+00:00,261.25578065599177
2022-04-25 21:00:00+00:00,282.83511699308514
2022-04-25 22:00:00+00:00,338.31085973789914
2022-04-25 23:00:00+00:00,420.7018123196805
2022-04-26 00:00:00+00:00,356.8998356905834
2022-04-26 01:00:00+00:00,384.54290521550047
2022-04-26 02:00:00+00:00,393.13917454145763
2022-04-26 03:00:00+00:00,338.3660712954051
2022-04-26 04:00:00+00:00,364.0561436713771
2022-04-26 05:00:00+00:00,331.06817675869
2022-04-26 06:00:00+00:00,413.7939339161097
2022-04-26 07:00:00+00:00,281.6245683302083
2022-04-26 08:00:00+00:00,347.7622566258716
2022-04-26 09:00:00+00:00,367.6835306499422
2022-04-26 10:00:00+00:00,357.16070741266043
2022-04-26 11:00:00+00:00,384.5118835114451
2022-04-26 12:00:00+00:00,320.73972788076105
2022-04-26 13:00:00+00:00,382.63146576493955
2022-04-26 14:00:00+00:00,264.4849758075095
2022-04-26 15:00:00+00:00,323.8349647457409
2022-04-26 16:00:00+00:00,260.62090108982926
2022-04-26 17:00:00+00:00,392.2358317251515
2022-04-26 18:00:00+00:00,300.2077460421656
2022-04-26 19:00:00+00:00,343.4102747700502
2022-04-26 20:00:00+00:00,266.669756306016
2022-04-26 21:00:00+00:00,304.673084101002
2022-04-26 22:00:00+00:00,346.961061959266
2022-04-26 23:00:00+00:00,278.40684573940024
2022-04-27 00:00:00+00:00,407.01216811665114
2022-04-27 01:00:00+00:00,356.9442352637781
2022-04-27 02:00:00+00:00,366.59994789053167
2022-04-27 03:00:00+00:00,387.3505526056149
2022-04-27 04:00:00+00:00,338.7332799227881
2022-04-27 05:00:00+00:00,307.3521606898704
2022-04-27 06:00:00+00:00,290.5694947736888
2022-04-27 07:00:00+00:00,287.90635689884715
2022-04-27 08:00:00+00:00,346.68567747433036
2022-04-27 09:00:00+00:00,289.51049291199854
2022-04-27 10:00:00+00:00,367.681981114597
2022-04-27 11:00:00+00:00,410.4181727722006
2022-04-27 12:00:00+00:00,423.80641024793624
2022-04-27 13:00:00+00:00,467.4731643051483
2022-04-27 14:00:00+00:00,391.5771037194999
2022-04-27 15:00:00+00:00,346.48316319822305
2022-04-27 16:00:00+00:00,357.2798222289157
2022-04-27 17:00:00+00:00,316.9516927562376
2022-04-27 18:00:00+00:00,326.3152021919216
2022-04-27 19:00:00+00:00,372.68995528851735
2022-04-27 20:00:00+00:00,432.19339602413146
2022-04-27 21:00:00+00:00,407.72620621425017
2022-04-27 22:00:00+00:00,342.01977975550767
2022-04-27 23:00:00+00:00,361.6009660810322
2022-04-28 00:00:00+00:00,304.25411271381233
2022-04-28 01:00:00+00:00,300.7043004781899
2022-04-28 02:00:00+00:00,382.6336035101671
2022-04-28 03:00:00+00:00,321.77279280056575
2022-04-28 04:00:00+00:00,296.6717684828689
2022-04-28 05:00:00+00:00,375.1048785461294
2022-04-28 06:00:00+00:00,298.4855275099613
2022-04-28 07:00:00+00:00,341.1059050755519
2022-04-28 08:00:00+00:00,308.2204440274554
2022-04-28 09:00:00+00:00,316.994001226701
2022-04-28 10:00:00+00:00,285.80554681145543
2022-04-28 11:00:00+00:00,461.6000983234814
2022-04-28 12:00:00+00:00,363.47683413565323
2022-04-28 13:00:00+00:00,423.6814035276721
2022-04-28 14:00:00+00:00,303.05578693691984
2022-04-28 15:00:00+00:00,321.1735162835335
2022-04-28 16:00:00+00:00,398.93990354361495
2022-04-28 17:00:00+00:00,265.12313081688376
2022-04-28 18:00:00+00:00,249.75729637737422
2022-04-28 19:00:00+00:00,326.9513758690036
2022-04-28 20:00:00+00:00,364.0105134080056
2022-04-28 21:00:00+00:00,295.22670587708217
2022-04-28 22:00:00+00:00,351.14524142250804
2022-04-28 23:00:00+00:00,286.4831662827851
2022-04-29 00:00:00+00:00,292.15805522484624
2022-04-29 01:00:00+00:00,355.74859264958275
2022-04-29 02:00:00+00:00,391.06626452512285
2022-04-29 03:00:00+00:00,343.5335762786646
2022-04-29 04:00:00+00:00,292.63055204680865
2022-04-29 05:00:00+00:00,360.2097759523798
2022-04-29 06:00:00+00:00,301.9754842373728
2022-04-29 07:00:00+00:00,316.3595449629942
2022-04-29 08:00:00+00:00,420.799492649319
2022-04-29 09:00:00+00:00,345.92775466245666
2022-04-29 10:00:00+00:00,237.89570764418585
2022-04-29 11:00:00+00:00,297.29678581344876
2022-04-29 12:00:00+00:00,270.79164335906444
2022-04-29 13:00:00+00:00,406.3945313442169
2022-04-29 14:00:00+00:00,329.88506137942954
2022-04-29 15:00:00+00:00,271.2656878131673
2022-04-29 16:00:00+00:00,338.4930659256303
2022-04-29 17:00:00+00:00,238.42714551445343
2022-04-29 18:00:00+00:00,373.18906560144313
2022-04-29 19:00:00+00:00,256.5132034078173
2022-04-29 20:00:00+00:00,281.30129673927456
2022-04-29 21:00:00+00:00,272.57261245958324
2022-04-29 22:00:00+00:00,246.53731205283026
2022-04-29 23:00:00+00:00,291.56809892069344
2022-04-30 00:00:00+00:00,299.0969172146852
2022-04-30 01:00:00+00:00,339.28389335961816
2022-04-30 02:00:00+00:00,375.5139484465142
2022-04-30 03:00:00+00:00,281.11614838378244
2022-04-30 04:00:00+00:00,323.1997598365143
2022-04-30 05:00:00+00:00,321.7338851855294
2022-04-30 06:00:00+00:00,279.586608713991
2022-04-30 07:00:00+00:00,261.3827587360846
2022-04-30 08:00:00+00:00,242.02280257110684
2022-04-30 09:00:00+00:00,343.7550943131745
2022-04-30 10:00:00+00:00,350.998776754589
2022-04-30 11:00:00+00:00,312.60696210491506
2022-04-30 12:00:00+00:00,276.95038817945505
2022-04-30 13:00:00+00:00,241.28492188550496
2022-04-30 14:00:00+00:00,388.72217632924725
2022-04-30 15:00:00+00:00,246.63167153215664
2022-04-30 16:00:00+00:00,315.17283178993273
2022-04-30 17:00:00+00:00,380.78110559214537
2022-04-30 18:00:00+00:00,286.5272217883709
2022-04-30 19:00:00+00:00,314.44073951594385
2022-04-30 20:00:00+00:00,283.39172635304675
2022-04-30 21:00:00+00:00,286.23323246086125
2022-04-30 22:00:00+00:00,279.8177348463883
2022-04-30 23:00:00+00:00,338.6608939403484
2022-05-01 00:00:00+00:00,359.51435328674864
2022-05-01 01:00:00+00:00,280.7843997640062
2022-05-01 02:00:00+00:00,397.55396237558205
2022-05-01 03:00:00+00:00,360.30785259263104
2022-05-01 04:00:00+00:00,311.07928165707864
2022-05-01 05:00:00+00:00,396.2449748778527
2022-05-01 06:00:00+00:00,382.72794947003746
2022-05-01 07:00:00+00:00,369.85570100118315
2022-05-01 08:00:00+00:00,406.84147688269485
2022-05-01 09:00:00+00:00,394.1832097335645
2022-05-01 10:00:00+00:00,351.3777278205727
2022-05-01 11:00:00+00:00,380.749944922201
2022-05-01 12:00:00+00:00,337.0196339188238
2022-05-01 13:00:00+00:00,387.9023248743144
2022-05-01 14:00:00+00:00,376.2815699866672
2022-05-01 15:00:00+00:00,277.85590621511864
2022-05-01 16:00:00+00:00,328.8058918673523
2022-05-01 17:00:00+00:00,310.4040575897278
2022-05-01 18:00:00+00:00,381.55025711194486
2022-05-01 19:00:00+00:00,336.3770840426796
2022-05-01 20:00:00+00:00,352.6745097523532
2022-05-01 21:00:00+00:00,369.7223591927451
2022-05-01 22:00:00+00:00,346.8466877206893
2022-05-01 23:00:00+00:00,433.81989127652855
2022-05-02 00:00:00+00:00,381.2446332033385
2022-05-02 01:00:00+00:00,397.31959951762303
2022-05-02 02:00:00+00:00,391.9660843968267
2022-05-02 03:00:00+00:00,433.49072553818587
2022-05-02 04:00:00+00:00,445.66872368582045
2022-05-02 05:00:00+00:00,268.3117467621098
2022-05-02 06:00:00+00:00,307.6200019315878
2022-05-02 07:00:00+00:00,374.76226000605936
2022-05-02 08:00:00+00:00,428.4275235764516
2022-05-02 09:00:00+00:00,365.5545952712872
2022-05-02 10:00:00+00:00,317.729450015172
2022-05-02 11:00:00+00:00,332.67253910505144
2022-05-02 12:00:00+00:00,346.69751890810795
2022-05-02 13:00:00+00:00,304.1777569920947
2022-05-02 14:00:00+00:00,312.33243066407914
2022-05-02 15:00:00+00:00,332.94105016282174
2022-05-02 16:00:00+00:00,330.0623622087311
2022-05-02 17:00:00+00:00,329.2532282685077
2022-05-02 18:00:00+00:00,381.3088308093642
2022-05-02 19:00:00+00:00,408.989642797636
2022-05-02 20:00:00+00:00,279.0497398112915
2022-05-02 21:00:00+00:00,316.5411303870102
2022-05-02 22:00:00+00:00,262.25592687566166
2022-05-02 23:00:00+00:00,281.66335188890787
2022-05-03 00:00:00+00:00,301.58132810504173
2022-05-03 01:00:00+00:00,333.53880390172054
2022-05-03 02:00:00+00:00,361.67733399778916
2022-05-03 03:00:00+00:00,295.0563977928907
2022-05-03 04:00:00+00:00,333.76052819118354
2022-05-03 05:00:00+00:00,407.41308122931315
2022-05-03 06:00:00+00:00,280.95214417428514
2022-05-03 07:00:00+00:00,299.4378055520082
2022-05-03 08:00:00+00:00,308.1295376990322
2022-05-03 09:00:00+00:00,234.26638161980182
2022-05-03 10:00:00+00:00,405.943358568933
2022-05-03 11:00:00+00:00,329.56263463549914
2022-05-03 12:00:00+00:00,348.9140397307794
2022-05-03 13:00:00+00:00,298.8956801008763
2022-05-03 14:00:00+00:00,333.5703251843796
2022-05-03 15:00:00+00:00,361.70195960354215
2022-05-03 16:00:00+00:00,337.7902762258476
2022-05-03 17:00:00+00:00,363.4916614090501
2022-05-03 18:00:00+00:00,273.6154444073229
2022-05-03 19:00:00+00:00,296.6727723011692
2022-05-03 20:00:00+00:00,306.458666959034
2022-05-03 21:00:00+00:00,324.6612761895675
2022-05-03 22:00:00+00:00,333.2561405005735
2022-05-03 23:00:00+00:00,274.6375348163645
2022-05-04 00:00:00+00:00,351.40846155343604
2022-05-04 01:00:00+00:00,339.52051075468466
2022-05-04 02:00:00+00:00,323.80976093725843
2022-05-04 03:00:00+00:00,318.0215579975212
2022-05-04 04:00:00+00:00,419.38131483376947
2022-05-04 05:00:00+00:00,265.3902297547342
2022-05-04 06:00:00+00:00,320.07173809070963
2022-05-04 07:00:00+00:00,278.220565010747
2022-05-04 08:00:00+00:00,262.63190856964246
2022-05-04 09:00:00+00:00,330.38857663858187
2022-05-04 10:00:00+00:00,341.90563679244985
2022-05-04 11:00:00+00:00,314.3044376026519
2022-05-04 12:00:00+00:00,339.2332874653281
2022-05-04 13:00:00+00:00,389.4167091541289
2022-05-04 14:00:00+00:00,374.0475133706746
2022-05-04 15:00:00+00:00,378.5048379066071
2022-05-04 16:00:00+00:00,411.4616958538361
2022-05-04 17:00:00+00:00,405.6632010463496
2022-05-04 18:00:00+00:00,408.21136276830555
2022-05-04 19:00:00+00:00,297.2438105350695
2022-05-04 20:00:00+00:00,321.581412931804
2022-05-04 21:00:00+00:00,336.5615533401207
2022-05-04 22:00:00+00:00,429.20543723322817
2022-05-04 23:00:00+00:00,360.2971706415143
2022-05-05 00:00:00+00:00,323.269491995172
2022-05-05 01:00:00+00:00,351.09167160790054
2022-05-05 02:00:00+00:00,367.7056797335618
2022-05-05 03:00:00+00:00,387.711555624288
2022-05-05 04:00:00+00:00,452.18506400896416
2022-05-05 05:00:00+00:00,327.12497189256123
2022-05-05 06:00:00+00:00,439.08922815231057
2022-05-05 07:00:00+00:00,311.75075352842657
2022-05-05 08:00:00+00:00,391.9371783374959
2022-05-05 09:00:00+00:00,324.65646494788734
2022-05-05 10:00:00+00:00,378.46273735291766
2022-05-05 11:00:00+00:00,346.61586963598023
2022-05-05 12:00:00+00:00,343.9406245244847
2022-05-05 13:00:00+00:00,401.487631600658
2022-05-05 14:00:00+00:00,320.5326325386969
2022-05-05 15:00:00+00:00,413.1223982780718
2022-05-05 16:00:00+00:00,232.94650627067662
2022-05-05 17:00:00+00:00,291.7037496539828
2022-05-05 18:00:00+00:00,304.41992379531524
2022-05-05 19:00:00+00:00,381.91360121392336
2022-05-05 20:00:00+00:00,263.58965775493056
2022-05-05 21:00:00+00:00,304.35365026597844
2022-05-05 22:00:00+00:00,382.8789090296563
2022-05-05 23:00:00+00:00,294.3793904547893
2022-05-06 00:00:00+00:00,281.66335188890787
2022-05-06 01:00:00+00:00,344.3092882814692
2022-05-06 02:00:00+00:00,242.16757904361768
2022-05-06 03:00:00+00:00,304.7058508770833
2022-05-06 04:00:00+00:00,271.5464499888666
2022-05-06 05:00:00+00:00,335.4439679637857
2022-05-06 06:00:00+00:00,303.5971117628756
2022-05-06 07:00:00+00:00,364.3867646771919
2022-05-06 08:00:00+00:00,270.18272313322797
2022-05-06 09:00:00+00:00,299.2048516596561
2022-05-06 10:00:00+00:00,346.0226390678114
2022-05-06 11:00:00+00:00,302.43846377650726
2022-05-06 12:00:00+00:00,292.8130770004672
2022-05-06 13:00:00+00:00,290.9121584197428
2022-05-06 14:00:00+00:00,402.82708087889426
2022-05-06 15:00:00+00:00,367.71573545318626
2022-05-06 16:00:00+00:00,374.2284641613176
2022-05-06 17:00:00+00:00,399.9383145367389
2022-05-06 18:00:00+00:00,320.46559287512724
2022-05-06 19:00:00+00:00,447.57288483167815
2022-05-06 20:00:00+00:00,334.44207237470295
2022-05-06 21:00:00+00:00,270.65108727984386
2022-05-06 22:00:00+00:00,409.9818347047777
2022-05-06 23:00:00+00:00,338.31085973789914
2022-05-07 00:00:00+00:00,294.41257953596613
2022-05-07 01:00:00+00:00,414.4774040265142
2022-05-07 02:00:00+00:00,422.0397036143597
2022-05-07 03:00:00+00:00,451.9884610566047
2022-05-07 04:00:00+00:00,444.0936746885711
2022-05-07 05:00:00+00:00,438.44520618022875
2022-05-07 06:00:00+00:00,419.2869979848176
2022-05-07 07:00:00+00:00,316.4076951085784
2022-05-07 08:00:00+00:00,346.836414025121
2022-05-07 09:00:00+00:00,423.6870123464171
2022-05-07 10:00:00+00:00,421.29840000261044
2022-05-07 11:00:00+00:00,420.04239729826344
2022-05-07 12:00:00+00:00,403.8179078156172
2022-05-07 13:00:00+00:00,344.76067985130953
2022-05-07 14:00:00+00:00,461.62126242124646
2022-05-07 15:00:00+00:00,329.0534985143607
2022-05-07 16:00:00+00:00,358.26282246763424
2022-05-07 17:00:00+00:00,415.1392320808853
2022-05-07 18:00:00+00:00,425.66311021841966
2022-05-07 19:00:00+00:00,346.8466877206893
2022-05-07 20:00:00+00:00,441.31883350116743
2022-05-07 21:00:00+00:00,339.4675370888625
2022-05-07 22:00:00+00:00,456.07332231553875
2022-05-07 23:00:00+00:00,345.5088968300613
2022-05-08 00:00:00+00:00,334.1218418051321
2022-05-08 01:00:00+00:00,344.66521961112903
2022-05-08 02:00:00+00:00,342.90065733630996
2022-05-08 03:00:00+00:00,417.8451783618318
2022-05-08 04:00:00+00:00,428.7267578870585
2022-05-08 05:00:00+00:00,326.9328946787441
2022-05-08 06:00:00+00:00,312.4916894919855
2022-05-08 07:00:00+00:00,385.01676302307243
2022-05-08 08:00:00+00:00,350.2671214685649
2022-05-08 09:00:00+00:00,419.16445555155167
2022-05-08 10:00:00+00:00,346.65826949111533
2022-05-08 11:00:00+00:00,274.0479376444233
2022-05-08 12:00:00+00:00,383.39933515074773
2022-05-08 13:00:00+00:00,302.41731561564126
2022-05-08 14:00:00+00:00,342.38108612380034
2022-05-08 15:00:00+00:00,363.53751860315447
2022-05-08 16:00:00+00:00,395.5404529289386
2022-05-08 17:00:00+00:00,340.8064228392932
2022-05-08 18:00:00+00:00,321.9513477391748
2022-05-08 19:00:00+00:00,370.45046874739234
2022-05-08 20:00:00+00:00,280.2153399585179
2022-05-08 21:00:00+00:00,280.4490575034469
2022-05-08 22:00:00+00:00,367.54886432490525
2022-05-08 23:00:00+00:00,318.09956486599896
2022-05-09 00:00:00+00:00,324.92466143727523
2022-05-09 01:00:00+00:00,305.20247175510434
2022-05-09 02:00:00+00:00,387.0113945724026
2022-05-09 03:00:00+00:00,331.6490958215847
2022-05-09 04:00:00+00:00,312.557204310319
2022-05-09 05:00:00+00:00,317.9644473845916
2022-05-09 06:00:00+00:00,389.8738346936518
2022-05-09 07:00:00+00:00,379.504648983126
2022-05-09 08:00:00+00:00,300.4318319775853
2022-05-09 09:00:00+00:00,269.00365166354993
2022-05-09 10:00:00+00:00,342.82735890475453
2022-05-09 11:00:00+00:00,326.28286571516117
2022-05-09 12:00:00+00:00,327.73272988384065
2022-05-09 13:00:00+00:00,329.7101065918891
2022-05-09 14:00:00+00:00,269.53221343156895
2022-05-09 15:00:00+00:00,286.6864410588346
2022-05-09 16:00:00+00:00,342.6168711389659
2022-05-09 17:00:00+00:00,415.58330349740436
2022-05-09 18:00:00+00:00,351.3095972822682
2022-05-09 19:00:00+00:00,349.3712034418495
2022-05-09 20:00:00+00:00,322.67913797252874
2022-05-09 21:00:00+00:00,307.987613292407
2022-05-09 22:00:00+00:00,302.62713935019116
2022-05-09 23:00:00+00:00,306.5740114935978
2022-05-10 00:00:00+00:00,353.40764806898716
2022-05-10 01:00:00+00:00,364.2786991554919
2022-05-10 02:00:00+00:00,292.6152495383253
2022-05-10 03:00:00+00:00,428.96816986996026
2022-05-10 04:00:00+00:00,266.84900598957324
2022-05-10 05:00:00+00:00,241.06639003216415
2022-05-10 06:00:00+00:00,391.2386358411643
2022-05-10 07:00:00+00:00,314.6896286419629
2022-05-10 08:00:00+00:00,335.28572701407285
2022-05-10 09:00:00+00:00,266.3304128317911
2022-05-10 10:00:00+00:00,277.2690933827863
2022-05-10 11:00:00+00:00,339.1520329235647
2022-05-10 12:00:00+00:00,385.8748112509965
2022-05-10 13:00:00+00:00,309.65498468757374
2022-05-10 14:00:00+00:00,270.7096321887548
2022-05-10 15:00:00+00:00,266.6056565603943
2022-05-10 16:00:00+00:00,324.13847935235384
2022-05-10 17:00:00+00:00,317.26849531144376
2022-05-10 18:00:00+00:00,267.50024794501735
2022-05-10 19:00:00+00:00,258.41672225147875
2022-05-10 20:00:00+00:00,366.781759898619
2022-05-10 21:00:00+00:00,298.0090010879274
2022-05-10 22:00:00+00:00,306.05645450124155
2022-05-10 23:00:00+00:00,450.9784811057869
2022-05-11 00:00:00+00:00,373.38173947843615
2022-05-11 01:00:00+00:00,317.0561200514386
2022-05-11 02:00:00+00:00,397.46641422265134
2022-05-11 03:00:00+00:00,341.21176043538543
2022-05-11 04:00:00+00:00,299.8353579825242
2022-05-11 05:00:00+00:00,299.4417255900863
2022-05-11 06:00:00+00:00,426.3615983056367
2022-05-11 07:00:00+00:00,394.3053360150134
2022-05-11 08:00:00+00:00,310.6798860685439
2022-05-11 09:00:00+00:00,366.45256941385003
2022-05-11 10:00:00+00:00,268.65291348418845
2022-05-11 11:00:00+00:00,297.6925046183475
2022-05-11 12:00:00+00:00,373.38173947843615
2022-05-11 13:00:00+00:00,367.73308075635236
2022-05-11 14:00:00+00:00,298.0567640612908
2022-05-11 15:00:00+00:00,299.2200798185952
2022-05-11 16:00:00+00:00,340.85456176037326
2022-05-11 17:00:00+00:00,330.3709594316814
2022-05-11 18:00:00+00:00,353.3976981847709
2022-05-11 19:00:00+00:00,366.4351569657845
2022-05-11 20:00:00+00:00,301.4588223276021
2022-05-11 21:00:00+00:00,410.6565917376073
2022-05-11 22:00:00+00:00,330.1865470805148
2022-05-11 23:00:00+00:00,336.52364958917656
2022-05-12 00:00:00+00:00,290.62942576561835
2022-05-12 01:00:00+00:00,303.01072679354405
2022-05-12 02:00:00+00:00,397.8388690577655
2022-05-12 03:00:00+00:00,232.23164512369846
2022-05-12 04:00:00+00:00,299.19605080207066
2022-05-12 05:00:00+00:00,388.56107679457057
